1193154 41934.4432354
1193142 1339.94698524
1193121 1358.98399353
1193077 1376.23810768
1193075 1371.2182045
1193070 1374.94516373
1193062 1383.23092461
1193039 1382.60388374
1193039 1374.35483932
1193036 1373.99101257
1193036 1377.13503838
1193006 1382.7009201
1193006 1383.58712196
1193000 1745.91493607
1192998 1633.88299942
1192970 1379.23192978
1192969 1543.37215424
1192969 1619.13919449
1192969 1387.84885406
1192959 1482.43784904
1192959 1612.98584938
1192921 1644.48404312
1192921 1387.65692711
1192921 1590.05498886
1192921 1632.47585297
1192842 1383.09192657
1192808 1581.36105537
1192808 1624.40109253
1192802 1383.71896744
1192802 1524.47104454
1192797 1608.23106766
1192797 1643.9409256
1192786 1340.27814865
1192784 1592.94009209
1192765 1640.57087898
1192765 1384.98210907
1192747 1580.60288429
1192725 1622.94697762
1192725 1385.05411148
1192718 1569.51212883
1192687 1608.99496078
1192658 1645.9479332
1192637 1383.0640316
1192582 1593.15109253
1192582 1633.61001015
1192543 1335.85691452
1192537 1587.57710457
1192497 1618.50309372
1192490 1388.14496994
1192490 1575.41298866
1192473 1613.29197884
1192473 1646.94499969
1192473 1382.47704506
1192453 1601.65095329
1192442 1630.29503822
1192442 1385.93292236
1192442 1589.24984932
1192442 1621.07515335
1192442 1338.50502968
1192442 1574.89085197
1192382 1617.50006676
1192382 1639.83392715
1192382 1384.04989243
1192364 1605.20386696
1192364 1637.30597496
1192358 1377.47383118
1192314 1591.71915054
1192314 1620.39208412
1192262 1380.04994392
1192262 1573.91095161
1192237 1615.19813538
1192237 1600.84605217
1192228 1382.47299194
1192228 1601.21798515
1192215 1636.38210297
1192215 1377.84314156
1192188 1592.84806252
1192188 1626.77001953
1192188 1389.58406448
1192188 1589.63012695
1192181 1618.02506447
1192181 1644.20008659
1192167 1383.61406326
1192162 1600.29101372
1192162 1596.63105011
1192147 1387.63093948
1192116 1591.77112579
1192116 1624.94111061
1192116 1388.01002502
1192107 1580.97290993
1192107 1613.03377151
1192102 1650.82597733
1192080 1396.43788338
1192080 1598.27208519
1192021 1638.03195953
1192021 1387.10594177
1192021 1595.21579742
1192003 1583.75191689
1191987 1387.44115829
1191986 1581.07709885
1191986 1614.96090889
1191980 1649.01995659
1191930 1389.67704773
1191907 1603.39999199
1191880 1638.17000389
1191871 1386.48319244
1191842 1592.76890755
1191839 1621.67620659
1191839 1389.25409317
1191839 1581.63094521
1191814 1575.87003708
1191810 1657.79209137
1191806 1392.42291451
1191798 1604.72512245
1191791 1635.79297066
1191791 1389.96195793
1191791 1597.2969532
1191791 1625.94199181
1191785 1387.47096062
1191785 1580.7390213
1191785 1615.73195457
1191773 1656.58593178
1191773 1389.44196701
1191755 1564.74089622
1191736 1640.37203789
1191736 1384.58418846
1191700 1596.80509567
1191700 1627.45714188
1191700 1384.99307632
1191700 1580.85799217
1191642 1618.29710007
1191624 1659.82222557
1191624 1384.30905342
1191624 1601.11498833
1191624 1644.53911781
1191624 1380.43403625
1191624 1549.93891716
1191623 1631.65807724
1191623 1392.20309258
1191563 1577.07309723
1191563 1622.97010422
1191563 1654.93988991
1191563 1386.10196114
1191545 1603.91902924
1191545 1648.43201637
1191532 1385.8499527
1191503 1591.20488167
1191477 1629.9059391
1191463 1388.84401321
1191395 1539.83712196
1191395 1617.56205559
1191375 1392.54593849
1191375 1488.23094368
1191369 1607.76400566
1191369 1649.22189713
1191369 1382.44986534
1191369 1607.24306107
1191362 1645.95508575
1191342 1386.72113419
1191340 1581.37011528
1191306 1624.63402748
1191299 1383.00895691
1191299 1530.47800064
1191297 1609.08484459
1191297 1642.15993881
1191211 1340.48604965
1191135 1602.53405571
1191115 1636.93809509
1191055 1385.45799255
1191046 1583.45508575
1190973 1628.78012657
1190973 1382.37977028
1190964 1574.41782951
1190964 1612.98799515
1190956 1648.24414253
1190956 1378.91101837
1190944 1601.09400749
1190934 1627.16412544
1190934 1338.46998215
1190892 1579.96606827
1190874 1626.12199783
1190874 1386.7650032
1190868 1572.31879234
1190868 1610.6710434
1190822 1649.88088608
1190801 1383.21709633
1190801 1597.75805473
1190801 1637.04895973
1190801 1384.75179672
1190787 1586.98296547
1190787 1623.1341362
1190787 1336.25793457
1190733 1577.95095444
1190703 1608.98017883
1190703 1645.45917511
1190703 1379.0140152
1190684 1605.12900352
1190684 1634.81497765
1190684 1383.00800323
1190627 1589.88499641
1190624 1623.31199646
1190624 1378.57103348
1190602 1581.06017113
1190590 1607.6529026
1190590 1603.79600525
1190573 1385.24699211
1190573 1605.16500473
1190563 1630.22303581
1190563 1386.04307175
1190551 1594.22492981
1190528 1626.21188164
1190528 1379.7249794
1190528 1580.93500137
1190528 1612.41602898
1190508 1642.47703552
1190485 1384.23109055
1190466 1603.35183144
1190466 1592.81015396
1190436 1383.78310204
1190436 1590.28816223
1190434 1627.31909752
1190396 1381.46901131
1190396 1581.83693886
1190396 1617.48290062
1190366 1651.20601654
1190322 1385.19597054
1190322 1604.50696945
1190312 1635.38694382
1190304 1385.5919838
1190304 1588.08684349
1190304 1587.10002899
1190304 1388.8759613
1190304 1582.17096329
1190290 1616.86086655
1190290 1666.69392586
1190290 1386.78383827
1190228 1606.67991638
1190226 1640.55919647
1190226 1389.8499012
1190226 1589.39385414
1190226 1627.15792656
1190223 1386.38496399
1190222 1582.9679966
1190222 1571.19894028
1190217 1661.3919735
1190167 1391.4039135
1190163 1602.99301147
1190124 1643.29695702
1190083 1394.04201508
1190053 1594.06900406
1190048 1627.91895866
1189977 1387.51006126
1189961 1586.01784706
1189961 1608.08897018
1189961 1653.91778946
1189900 1380.09500504
1189826 1567.27385521
1189802 1638.86713982
1189787 1392.43412018
1189735 1594.15507317
1189735 1627.15601921
1189720 1384.0470314
1189720 1587.06903458
1189718 1615.73982239
1189713 1657.8938961
1189705 1387.64095306
1189657 1604.22801971
1189648 1634.50098038
1189616 1386.15393639
1189616 1547.84202576
1189616 1629.26697731
1189589 1383.20612907
1189589 1587.2631073
1189583 1613.96789551
1189583 1655.75385094
1189583 1382.8868866
1189532 1607.69605637
1189508 1644.89483833
1189508 1384.28092003
1189507 1587.34583855
1189507 1631.80398941
1189487 1377.80714035
1189474 1538.18392754
1189474 1617.57302284
1189473 1391.06297493
1189473 1481.59408569
1189448 1611.30309105
1189427 1653.90586853
1189401 1383.16011429
1189396 1587.64410019
1189380 1636.25001907
1189368 1381.57987595
1189368 1580.66391945
1189368 1619.54092979
1189331 1379.95314598
1189331 1529.84881401
1189323 1605.40485382
1189323 1639.4109726
1189300 1345.19100189
1189300 1593.74117851
1189300 1634.31096077
1189292 1384.07301903
1189292 1585.60109138
1189280 1618.81399155
1189280 1390.6788826
1189277 1571.78711891
1189277 1612.81108856
1189244 1644.58990097
1189244 1384.30118561
1189244 1594.5289135
1189202 1628.75008583
1189184 1336.52186394
1189184 1611.19580269
1189163 1621.76585197
1189105 1385.19001007
1189105 1572.47495651
1189016 1614.79783058
1188985 1641.87097549
1188925 1382.95102119
1188925 1598.0181694
1188925 1634.35316086
1188920 1376.51896477
1188899 1590.62099457
1188888 1617.77114868
1188876 1338.25206757
1188876 1571.16389275
1188868 1618.27492714
1188868 1644.41990852
1188868 1381.68597221
1188868 1598.51002693
1188849 1640.15507698
1188849 1378.52501869
1188827 1587.01300621
1188772 1620.58997154
1188756 1380.60498238
1188731 1577.75306702
1188731 1609.40313339
1188731 1606.86016083
1188726 1386.55209541
1188726 1596.54307365
1188699 1639.92214203
1188699 1382.73906708
1188699 1590.10410309
1188699 1623.18515778
1188699 1384.68694687
1188659 1576.78103447
1188603 1608.90102386
1188591 1645.02120018
1188591 1385.61201096
1188591 1599.18999672
1188591 1594.73991394
1188552 1388.39507103
1188546 1598.78706932
1188546 1619.33398247
1188546 1387.45999336
1188533 1583.13584328
1188502 1616.93191528
1188462 1644.40703392
1188444 1390.76185226
1188423 1600.93092918
1188423 1630.9709549
1188423 1384.4370842
1188400 1595.55101395
1188400 1593.6191082
1188376 1384.86814499
1188335 1586.01999283
1188335 1621.2310791
1188335 1645.28107643
1188305 1391.9069767
1188305 1604.52699661
1188305 1639.30296898
1188305 1381.73604012
1188239 1593.05906296
1188239 1622.65706062
1188239 1385.62893867
1188239 1577.06308365
1188239 1579.28085327
1188230 1650.26283264
1188230 1388.48400116
1188230 1603.92785072
1188230 1646.69585228
1188230 1384.40394402
1188204 1596.52686119
1188204 1626.01685524
1188204 1389.92404938
1188179 1575.79708099
1188149 1615.75698853
1188129 1649.28102493
1188079 1383.24308395
1188079 1563.64297867
1188046 1656.13102913
1188021 1387.51292229
1187983 1592.91005135
1187963 1626.58214569
1187963 1391.11185074
1187963 1581.23993874
1187949 1616.69611931
1187911 1656.76307678
1187911 1386.52920723
1187911 1596.53902054
1187895 1645.66397667
1187894 1380.03182411
1187887 1551.18298531
1187887 1627.88105011
1187887 1396.1160183
1187871 1566.98393822
1187836 1596.39501572
1187827 1637.04490662
1187827 1370.44692039
1187824 1587.43977547
1187817 1627.69603729
1187788 1372.11608887
1187776 1575.7291317
1187776 1603.75714302
1187736 1364.02702332
1187730 1521.00014687
1187730 1597.87988663
1187730 1367.80595779
1187715 1479.32100296
1187712 1579.85806465
1187712 1618.07799339
1187712 1364.70317841
1187712 1566.92790985
1187712 1609.38215256
1187700 1371.98901176
1187700 1549.96299744
1187684 1595.06297112
1187664 1362.3111248
1187664 1502.33101845
1187664 1575.99687576
1187658 1614.88986015
1187652 1325.10781288
1187652 1567.7189827
1187618 1599.70211983
1187618 1361.70601845
1187618 1552.45780945
1187618 1593.37711334
1187594 1360.24808884
1187582 1551.40304565
1187542 1584.43903923
1187532 1612.37597466
1187523 1358.35289955
1187523 1569.49996948
1187523 1609.50398445
1187439 1321.18296623
1187439 1551.1059761
1187439 1597.51081467
1187419 1357.32913017
1187419 1546.24509811
1187349 1579.83994484
1187349 1610.6441021
1187335 1358.85095596
1187335 1570.28198242
1187335 1596.37308121
1187311 1359.02905464
1187311 1556.25605583
1187300 1589.16687965
1187293 1322.57699966
1187233 1549.8790741
1187233 1579.58316803
1187205 1618.22605133
1187186 1354.2740345
1187186 1569.40698624
1187186 1601.10187531
1187163 1365.32688141
1187163 1549.34287071
1187148 1587.49103546
1187104 1352.22601891
1187104 1549.4260788
1187010 1587.66412735
1187001 1570.37711143
1187001 1367.83194542
1187001 1568.11785698
1187001 1599.10106659
1186973 1358.2611084
1186973 1554.68511581
1186973 1585.09206772
1186964 1362.85400391
1186956 1545.96996307
1186956 1571.26092911
1186956 1603.9788723
1186925 1357.71512985
1186925 1566.53499603
1186906 1555.79304695
1186829 1365.00406265
1186829 1550.12512207
1186829 1591.32218361
1186829 1356.4889431
1186818 1539.94607925
1186805 1576.71284676
1186770 1611.31286621
1186770 1373.1880188
1186761 1560.94002724
1186746 1593.69397163
1186746 1350.32010078
1186746 1548.21181297
1186746 1540.95506668
1186712 1365.96393585
1186712 1546.89407349
1186657 1572.88098335
1186657 1608.98017883
1186657 1355.87000847
1186657 1568.3529377
1186656 1594.05899048
1186622 1358.84690285
1186622 1550.58503151
1186622 1585.40797234
1186622 1355.17001152
1186589 1536.85808182
1186575 1530.45701981
1186575 1613.74282837
1186575 1371.72293663
1186569 1564.76783752
1186568 1597.6331234
1186559 1356.07194901
1186527 1552.47497559
1186503 1583.43601227
1186503 1363.91687393
1186503 1542.05298424
1186495 1568.27402115
1186495 1613.35802078
1186491 1352.29301453
1186476 1518.07999611
1186476 1612.41793633
1186476 1362.90192604
1186430 1550.00782013
1186430 1590.4238224
1186380 1355.1440239
1186343 1540.25387764
1186343 1575.88601112
1186343 1618.07799339
1186343 1344.03395653
1186331 1562.17598915
1186331 1593.66607666
1186331 1348.89006615
1186308 1510.47492027
1186308 1584.45310593
1186281 1359.36808586
1186281 1549.6840477
1186273 1573.81606102
1186229 1616.19997025
1186162 1351.84216499
1186162 1567.3828125
1186140 1595.93701363
1186140 1355.51691055
1186140 1551.6731739
1186140 1590.30604362
1186138 1346.7028141
1186049 1500.84090233
1186049 1588.79303932
1186049 1358.54101181
1186049 1459.17892456
1185996 1564.13793564
1185996 1602.39315033
1185996 1353.3039093
1185989 1548.79689217
1185989 1585.67094803
1185989 1353.51085663
1185989 1544.72708702
1185989 1574.46098328
1185989 1345.19410133
1185989 1484.51805115
1185957 1566.06006622
1185957 1608.73889923
1185957 1311.45095825
1185917 1550.97007751
1185917 1596.27103806
1185873 1352.27799416
1185865 1537.41884232
1185856 1572.45492935
1185807 1346.37904167
1185754 1542.45591164
1185747 1564.7149086
1185686 1592.17596054
1185655 1347.94998169
1185592 1552.80804634
1185592 1580.85918427
1185582 1310.5070591
1185563 1543.48397255
1185563 1575.42705536
1185563 1347.27191925
1185560 1524.87397194
1185539 1565.21201134
1185539 1597.65005112
1185506 1356.71901703
1185506 1542.67597198
1185506 1585.48808098
1185473 1342.43988991
1185473 1539.87193108
1185464 1568.43781471
1185455 1305.22084236
1185449 1534.79290009
1185449 1568.94803047
1185431 1589.46800232
1185409 1340.40904045
1185390 1557.40213394
1185390 1584.24210548
1185386 1337.8200531
1185386 1559.50212479
1185380 1570.94597816
1185380 1342.17691422
1185380 1524.95002747
1185380 1557.93499947
1185357 1555.69911003
1185302 1357.98788071
1185273 1549.90386963
1185273 1591.13502502
1185271 1349.0049839
1185245 1540.16900063
1185237 1567.3148632
1185237 1340.00396729
1185237 1536.4780426
1185237 1565.59586525
1185237 1588.83094788
1185237 1345.3400135
1185237 1549.8380661
1185179 1543.16997528
1185142 1338.07206154
1185131 1553.44104767
1185127 1574.6011734
1185124 1343.52588654
1185124 1531.09192848
1185117 1562.50691414
1185096 1592.28610992
1185096 1357.85007477
1185096 1550.03094673
1185096 1580.41214943
1185023 1345.86310387
1185011 1548.79283905
1185011 1540.68899155
1185011 1345.19696236
1184956 1541.07689857
1184956 1571.35796547
1184956 1596.12107277
1184942 1349.27296638
1184942 1549.43299294
1184942 1590.4109478
1184937 1350.28219223
1184935 1549.2310524
1184935 1568.2489872
1184935 1351.37891769
1184903 1527.22191811
1184889 1518.12696457
1184889 1599.68900681
1184881 1363.16108704
1184881 1552.34694481
1184874 1582.25417137
1184860 1342.10014343
1184860 1542.50884056
1184860 1573.10819626
1184818 1347.68986702
1184818 1534.55901146
1184818 1562.46399879
1184813 1598.99401665
1184813 1339.23196793
1184813 1505.03706932
1184813 1593.37306023
1184757 1347.03207016
1184698 1552.3917675
1184673 1567.72398949
1184673 1342.81301498
1184636 1535.62021255
1184604 1563.81511688
1184604 1594.80309486
1184596 1345.99804878
1184566 1567.83914566
1184554 1591.68601036
1184522 1337.60499954
1184514 1495.66507339
1184514 1579.76007462
1184503 1352.37002373
1184448 1537.79101372
1184448 1561.53893471
1184448 1600.6321907
1184448 1343.00303459
1184448 1544.49605942
1184448 1589.55407143
1184431 1336.99011803
1184419 1546.35500908
1184406 1568.12405586
1184381 1335.96801758
1184381 1487.07199097
1184366 1565.00387192
1184359 1342.5757885
1184349 1431.27608299
1184349 1562.30401993
1184337 1591.05706215
1184331 1339.03312683
1184331 1534.75904465
1184290 1574.28503036
1184290 1336.81106567
1184274 1525.42304993
1184274 1567.68798828
1184260 1331.45999908
1184260 1475.15010834
1184225 1549.97801781
1184221 1582.40199089
1184194 1291.87607765
1184145 1542.5131321
1184107 1576.24697685
1184107 1339.39790726
1184102 1524.81889725
1184082 1563.22789192
1184082 1338.13691139
1184077 1518.13197136
1184077 1555.95207214
1184077 1586.13801003
1184077 1337.37897873
1184077 1541.55802727
1184077 1576.44605637
1184029 1308.61210823
1184000 1530.01284599
1183991 1574.73182678
1183953 1333.73904228
1183953 1506.2379837
1183953 1549.85308647
1183953 1581.9849968
1183939 1332.0980072
1183933 1537.13703156
1183912 1574.0840435
1183886 1328.50003242
1183886 1525.95496178
1183886 1553.48706245
1183886 1285.83788872
1183886 1531.66699409
1183886 1559.14306641
1183886 1583.98389816
1183886 1328.90605927
1183848 1537.96505928
1183848 1570.43504715
1183848 1331.96806908
1183848 1521.81100845
1183832 1560.88113785
1183812 1333.12082291
1183812 1510.48588753
1183804 1544.83699799
1183804 1537.17708588
1183800 1332.07678795
1183800 1542.98591614
1183800 1586.30204201
1183800 1325.55699348
1183800 1521.89993858
1183800 1555.17506599
1183792 1328.25112343
1183792 1507.07292557
1183791 1542.29617119
1183791 1577.91399956
1183748 1329.32114601
1183748 1530.80105782
1183748 1519.77396011
1183744 1326.34210587
1183744 1532.30786324
1183744 1556.74386024
1183744 1325.85811615
1183744 1512.90297508
1183744 1545.71294785
1183744 1574.55801964
1183739 1329.20312881
1183731 1530.79390526
1183731 1559.8859787
1183720 1325.16813278
1183702 1521.88014984
1183702 1511.86919212
1183702 1329.41508293
1183662 1519.87600327
1183647 1546.53692245
1183647 1576.02214813
1183621 1330.4309845
1183603 1533.98895264
1183599 1569.30708885
1183599 1329.33807373
1183587 1519.15097237
1183524 1557.22403526
1183524 1327.30817795
1183524 1511.85798645
1183524 1500.6070137
1183524 1578.97186279
1183524 1334.6259594
1183524 1541.49317741
1183524 1563.49802017
1183524 1327.68201828
1183524 1527.09293365
1183524 1558.52293968
1183524 1327.47793198
1183472 1510.81991196
1183472 1547.45602608
1183472 1584.32602882
1183472 1330.0640583
1183440 1488.42215538
1183440 1567.4071312
1183440 1339.01405334
1183426 1538.89083862
1183426 1554.78405952
1183426 1329.62298393
1183426 1517.49014854
1183426 1543.58100891
1183426 1582.59010315
1183426 1326.1179924
1183400 1536.16213799
1183397 1574.27597046
1183397 1328.65595818
1183321 1479.85291481
1183321 1558.39490891
1183310 1332.52692223
1183277 1512.65001297
1183277 1550.99081993
1183270 1585.30282974
1183259 1329.26607132
1183259 1542.15621948
1183227 1575.18005371
1183153 1324.66697693
1183108 1525.50411224
1183108 1567.56401062
1183108 1330.09791374
1183108 1471.6398716
1183044 1551.68914795
1183039 1331.13002777
1183024 1422.97005653
1183024 1538.23804855
1183018 1569.5579052
1183018 1328.64785194
1183010 1524.20592308
1182979 1563.24481964
1182954 1325.16503334
1182954 1511.34085655
1182916 1548.99001122
1182916 1326.90310478
1182904 1463.49811554
1182904 1535.0458622
1182904 1569.70095634
1182904 1287.20116615
1182904 1526.7868042
1182904 1566.28799438
1182902 1323.64797592
1182891 1511.95716858
1182880 1554.10313606
1182880 1328.41205597
1182880 1498.15702438
1182879 1539.40987587
1182840 1572.94082642
1182840 1322.28708267
1182818 1530.04002571
1182818 1562.24584579
1182805 1286.2701416
1182775 1523.22888374
1182775 1557.76691437
1182775 1341.06302261
1182735 1504.51397896
1182710 1544.62480545
1182710 1571.62308693
1182710 1326.8840313
1182710 1529.27398682
1182710 1561.07497215
1182708 1326.58290863
1182708 1519.92297173
1182686 1544.74616051
1182686 1284.15203094
1182686 1509.84406471
1182675 1545.37796974
1182675 1572.44205475
1182590 1328.54604721
1182556 1534.65414047
1182540 1567.94905663
1182518 1326.56693459
1182518 1516.13807678
1182463 1553.96485329
1182453 1325.23608208
1182417 1508.47506523
1182417 1539.63112831
1182395 1532.83190727
1182395 1330.23500443
1182395 1536.81302071
1182341 1577.59785652
1182341 1324.25403595
1182325 1528.52702141
1182325 1555.42778969
1182289 1327.3370266
1182270 1510.86306572
1182270 1544.32797432
1182212 1579.61416245
1182138 1333.76598358
1182122 1527.17208862
1182093 1521.19994164
1182093 1334.01894569
1182093 1523.81300926
1182093 1557.89494514
1182093 1334.52701569
1182031 1512.46905327
1182031 1548.13504219
1182031 1575.38700104
1182022 1330.0151825
1182008 1530.75408936
1181942 1569.41413879
1181918 1327.39400864
1181918 1523.39816093
1181918 1508.36896896
1181892 1327.40306854
1181872 1517.40193367
1181830 1546.65493965
1181805 1573.79794121
1181805 1330.04808426
1181758 1533.56218338
1181747 1564.6340847
1181732 1327.54302025
1181732 1520.58196068
1181718 1551.44786835
1181706 1331.69198036
1181706 1510.48898697
1181685 1499.64094162
1181685 1576.73001289
1181685 1330.51800728
1181666 1534.80601311
1181666 1563.27390671
1181666 1328.02987099
1181656 1523.72980118
1181620 1553.50399017
1181620 1329.21814919
1181609 1508.70895386
1181609 1545.79901695
1181578 1580.51800728
1181550 1325.62494278
1181495 1492.9959774
1181492 1574.00107384
1181492 1329.47087288
1181492 1527.20093727
1181488 1552.93297768
1181488 1329.85520363
1181488 1519.8738575
1181488 1547.22499847
1181467 1581.95614815
1181443 1325.02102852
1181425 1535.99095345
1181422 1570.68800926
1181422 1328.91488075
1181422 1481.30297661
1181412 1558.66909027
1181408 1335.71195602
1181408 1516.84308052
1181408 1552.0029068
1181408 1579.61392403
1181408 1332.43608475
1181405 1534.76309776
1181334 1572.00407982
1181334 1324.43499565
1181334 1525.7499218
1181334 1563.13705444
1181331 1329.73217964
1181331 1469.53010559
1181331 1547.45602608
1181288 1335.5550766
1181288 1423.9859581
1181270 1538.93685341
1181259 1574.06902313
1181259 1333.13584328
1181247 1538.64312172
1181247 1560.56118011
1181239 1326.23910904
1181205 1509.55986977
1181205 1554.20899391
1181205 1326.87211037
1181171 1462.53204346
1181168 1536.74983978
1181151 1571.09498978
1181151 1283.30492973
1181151 1528.57303619
1181109 1561.14196777
1181109 1327.85987854
1181088 1517.55595207
1181087 1565.721035
1181087 1330.6350708
1181087 1504.86588478
1181049 1541.44096375
1181049 1577.0149231
1181049 1326.76005363
1181032 1524.89686012
1181016 1558.1240654
1180953 1291.07618332
1180947 1516.54696465
1180937 1555.39512634
1180908 1327.78596878
1180883 1505.72991371
1180850 1548.39992523
1180832 1575.46401024
1180829 1324.70011711
1180783 1530.18307686
1180783 1563.60387802
1180758 1328.24683189
1180711 1520.62416077
1180705 1549.2811203
1180705 1284.59811211
1180676 1509.19079781
1180660 1545.73106766
1180660 1574.12385941
1180660 1331.60591125
1180660 1534.78693962
1180660 1563.52090836
1180660 1327.39591599
1180639 1516.73388481
1180639 1553.54499817
1180639 1327.87108421
1180594 1512.11810112
