458 3.12399864197
440 1.68490409851
440 1.64699554443
413 1.72805786133
413 1.56497955322
395 1.45888328552
373 1.47199630737
354 1.52492523193
354 0.0479221343994
352 1.49512290955
350 1.51300430298
342 1.31392478943
342 1.31106376648
342 1.37305259705
336 1.30105018616
315 1.34491920471
315 1.38401985168
315 1.33490562439
315 1.39713287354
307 1.21593475342
303 1.21188163757
303 0.0400543212891
303 1.27601623535
280 1.20902061462
280 0.0369548797607
261 1.22499465942
261 1.26504898071
261 1.20997428894
260 1.22117996216
260 0.0360012054443
260 0.0381469726562
260 0.0360012054443
259 1.28102302551
259 1.11484527588
259 1.12199783325
259 1.1579990387
259 1.10793113708
250 1.11484527588
250 0.0360012054443
250 1.11508369446
248 1.14297866821
239 1.09004974365
239 0.0360012054443
239 1.10387802124
239 0.032901763916
239 0.0350475311279
239 0.0369548797607
239 0.0360012054443
239 0.0870227813721
239 0.0319480895996
239 1.060962677
237 1.00493431091
237 0.0331401824951
237 0.032901763916
237 0.0269412994385
237 1.03497505188
229 1.05094909668
206 1.00898742676
206 0.998973846436
206 0.0319480895996
206 0.0300407409668
206 0.0300407409668
206 1.09004974365
206 0.0338554382324
197 1.01804733276
197 0.0319480895996
196 1.02305412292
196 0.0340938568115
196 0.0300407409668
196 1.09195709229
196 0.94199180603
196 0.944137573242
196 0.0288486480713
196 0.947952270508
196 0.0298023223877
196 0.032901763916
188 1.00612640381
188 0.0221729278564
188 0.0290870666504
188 0.0290870666504
188 0.0288486480713
188 0.0309944152832
188 0.974893569946
188 0.0319480895996
183 0.954151153564
183 0.986814498901
183 0.0300407409668
183 0.0288486480713
162 0.972032546997
162 0.944852828979
160 0.946044921875
160 0.0340938568115
160 0.0309944152832
160 0.0300407409668
160 0.0290870666504
160 0.0309944152832
160 0.0269412994385
160 1.01900100708
156 0.890016555786
156 0.0278949737549
156 0.0278949737549
156 0.0269412994385
156 0.0278949737549
156 0.0309944152832
156 0.0200271606445
156 0.938177108765
156 0.028133392334
156 0.943183898926
156 0.028133392334
156 0.0290870666504
156 0.0269412994385
156 0.0269412994385
156 0.0319480895996
156 0.0278949737549
152 0.936031341553
152 0.028133392334
152 0.0309944152832
152 0.0269412994385
152 0.0271797180176
152 0.0290870666504
152 0.0271797180176
152 0.0269412994385
152 0.0290870666504
152 0.028133392334
149 0.955104827881
149 0.028133392334
149 0.0209808349609
149 0.0300407409668
147 0.963926315308
147 0.902891159058
147 0.0290870666504
147 0.913143157959
147 0.0290870666504
147 0.0288486480713
147 0.0269412994385
147 0.0288486480713
147 0.0309944152832
140 0.969886779785
140 0.79607963562
140 0.0259876251221
127 0.0219345092773
127 0.0259876251221
127 0.0269412994385
127 0.0300407409668
127 0.0240802764893
127 0.837087631226
127 0.0259876251221
125 0.808000564575
125 0.0247955322266
123 0.838994979858
123 0.0259876251221
123 0.0240802764893
123 0.0240802764893
123 0.0250339508057
116 0.81205368042
116 0.0269412994385
114 0.802040100098
114 0.0250339508057
114 0.792980194092
114 0.0250339508057
114 0.0250339508057
114 0.0259876251221
114 0.0250339508057
114 0.0269412994385
114 0.0231266021729
114 0.867128372192
114 0.0269412994385
114 0.0259876251221
114 0.0259876251221
114 0.809907913208
114 0.0262260437012
114 0.797986984253
114 0.789880752563
114 0.0259876251221
114 0.0250339508057
114 0.795125961304
114 0.0221729278564
114 0.712156295776
114 0.704050064087
114 0.0240802764893
114 0.0159740447998
114 0.0231266021729
114 0.730991363525
114 0.0240802764893
114 0.0228881835938
114 0.0231266021729
107 0.771999359131
107 0.0228881835938
107 0.0221729278564
107 0.0219345092773
107 0.0228881835938
107 0.0240802764893
100 0.741958618164
100 0.0250339508057
100 0.720024108887
100 0.0247955322266
100 0.0240802764893
100 0.0159740447998
97 0.732183456421
97 0.0221729278564
97 0.0219345092773
97 0.0228881835938
97 0.0159740447998
97 0.0259876251221
97 0.0238418579102
96 0.782012939453
96 0.0238418579102
96 0.0247955322266
96 0.0240802764893
96 0.0219345092773
96 0.028133392334
96 0.0231266021729
96 0.0240802764893
96 0.0250339508057
96 0.0238418579102
96 0.0228881835938
95 0.78296661377
95 0.0250339508057
95 0.0250339508057
95 0.0219345092773
95 0.0231266021729
95 0.0240802764893
95 0.0219345092773
95 0.738143920898
95 0.0231266021729
95 0.0219345092773
91 0.769853591919
91 0.0219345092773
87 0.648021697998
87 0.642061233521
87 0.0231266021729
87 0.0209808349609
87 0.0147819519043
87 0.0209808349609
87 0.0162124633789
87 0.0200271606445
87 0.0238418579102
87 0.0209808349609
87 0.69785118103
87 0.0200271606445
87 0.0209808349609
87 0.0209808349609
86 0.655174255371
86 0.0209808349609
86 0.684976577759
82 0.638961791992
80 0.633955001831
80 0.0209808349609
80 0.0219345092773
80 0.0209808349609
80 0.0200271606445
80 0.0240802764893
80 0.0209808349609
80 0.0209808349609
80 0.0221729278564
80 0.0219345092773
80 0.0219345092773
80 0.0228881835938
80 0.0209808349609
80 0.0200271606445
80 0.0209808349609
80 0.735998153687
76 0.690937042236
76 0.02121925354
76 0.0200271606445
76 0.64492225647
76 0.0219345092773
76 0.0209808349609
76 0.0221729278564
76 0.0228881835938
76 0.656127929688
76 0.0231266021729
76 0.0159740447998
76 0.0209808349609
76 0.0231266021729
76 0.0159740447998
75 0.669002532959
75 0.0228881835938
75 0.0200271606445
75 0.0209808349609
75 0.0219345092773
75 0.663042068481
75 0.0219345092773
75 0.0200271606445
75 0.0190734863281
75 0.0209808349609
75 0.0200271606445
75 0.0200271606445
75 0.0200271606445
75 0.0209808349609
75 0.018835067749
75 0.0200271606445
75 0.0209808349609
72 0.646114349365
72 0.0200271606445
72 0.0200271606445
72 0.0200271606445
72 0.0200271606445
72 0.0219345092773
72 0.0181198120117
72 0.018835067749
72 0.0190734863281
72 0.018835067749
72 0.0209808349609
72 0.0200271606445
72 0.0200271606445
72 0.0209808349609
72 0.0150203704834
72 0.0200271606445
72 0.0209808349609
72 0.673055648804
72 0.0200271606445
72 0.0190734863281
72 0.0200271606445
70 0.59986114502
70 0.0200271606445
70 0.0197887420654
70 0.0190734863281
70 0.0190734863281
70 0.0200271606445
70 0.053882598877
70 0.0190734863281
70 0.0138282775879
70 0.0209808349609
70 0.0200271606445
70 0.0209808349609
70 0.0209808349609
70 0.0200271606445
70 0.0200271606445
70 0.0209808349609
70 0.0200271606445
70 0.0200271606445
70 0.0200271606445
70 0.0181198120117
70 0.0200271606445
70 0.0178813934326
70 0.0200271606445
70 0.0219345092773
70 0.0209808349609
70 0.014066696167
70 0.0200271606445
70 0.0197887420654
70 0.0209808349609
70 0.0209808349609
70 0.0178813934326
70 0.02121925354
70 0.0209808349609
70 0.0209808349609
70 0.0221729278564
70 0.018835067749
70 0.0221729278564
70 0.770092010498
70 0.0200271606445
70 0.0190734863281
70 0.0190734863281
70 0.0197887420654
70 0.0209808349609
70 0.0190734863281
70 0.0190734863281
70 0.0138282775879
68 0.625133514404
68 0.0181198120117
68 0.0169277191162
68 0.018835067749
68 0.640153884888
68 0.0200271606445
68 0.0190734863281
68 0.0178813934326
68 0.0200271606445
68 0.0190734863281
68 0.018835067749
68 0.0190734863281
68 0.0190734863281
68 0.018835067749
68 0.0200271606445
68 0.0209808349609
68 0.014066696167
68 0.0200271606445
68 0.0200271606445
68 0.018835067749
68 0.0200271606445
68 0.0200271606445
68 0.0200271606445
68 0.673055648804
68 0.0200271606445
68 0.0209808349609
68 0.014066696167
68 0.0209808349609
68 0.0209808349609
68 0.018835067749
68 0.0200271606445
68 0.0200271606445
68 0.0200271606445
68 0.0178813934326
68 0.0159740447998
68 0.0200271606445
68 0.0200271606445
68 0.0190734863281
68 0.0190734863281
68 0.0209808349609
68 0.0178813934326
68 0.0200271606445
68 0.0190734863281
68 0.0209808349609
68 0.0190734863281
68 0.0209808349609
68 0.0200271606445
68 0.0200271606445
68 0.0190734863281
68 0.0200271606445
68 0.018835067749
68 0.0221729278564
68 0.0197887420654
68 0.0200271606445
68 0.0200271606445
68 0.0200271606445
68 0.0600814819336
68 0.0240802764893
68 0.0169277191162
68 0.0181198120117
68 0.0181198120117
68 0.0190734863281
68 0.723123550415
68 0.0190734863281
68 0.0169277191162
68 0.0190734863281
68 0.0169277191162
68 0.0200271606445
68 0.0178813934326
68 0.0181198120117
68 0.0190734863281
68 0.0190734863281
68 0.0200271606445
68 0.0209808349609
68 0.018835067749
68 0.018835067749
68 0.0190734863281
68 0.0169277191162
68 0.0150203704834
68 0.0169277191162
68 0.018835067749
68 0.018835067749
68 0.0178813934326
68 0.638961791992
68 0.0128746032715
68 0.0178813934326
68 0.0178813934326
68 0.0159740447998
68 0.557899475098
68 0.0190734863281
68 0.0171661376953
68 0.0171661376953
68 0.629901885986
68 0.0228881835938
68 0.0169277191162
68 0.563859939575
68 0.02121925354
68 0.0181198120117
66 0.552177429199
66 0.0190734863281
66 0.018835067749
66 0.0178813934326
66 0.0178813934326
65 0.560998916626
65 0.0159740447998
65 0.0169277191162
65 0.0190734863281
65 0.014066696167
65 0.0181198120117
65 0.0181198120117
65 0.0190734863281
65 0.018835067749
65 0.0178813934326
65 0.0128746032715
65 0.0200271606445
65 0.594854354858
65 0.0200271606445
65 0.0169277191162
65 0.0190734863281
65 0.0181198120117
65 0.0190734863281
65 0.0190734863281
65 0.0178813934326
65 0.0190734863281
65 0.018835067749
65 0.0190734863281
65 0.0181198120117
65 0.0131130218506
65 0.0181198120117
65 0.0181198120117
65 0.0190734863281
65 0.0190734863281
65 0.0131130218506
65 0.0190734863281
65 0.0178813934326
65 0.0178813934326
65 0.0178813934326
65 0.0178813934326
65 0.018835067749
65 0.018835067749
65 0.018835067749
65 0.668048858643
65 0.0190734863281
65 0.0169277191162
65 0.0181198120117
65 0.0169277191162
64 0.561952590942
64 0.0209808349609
64 0.0178813934326
64 0.0190734863281
64 0.0169277191162
64 0.0190734863281
64 0.0178813934326
64 0.0169277191162
64 0.0169277191162
64 0.0178813934326
64 0.0190734863281
64 0.0138282775879
64 0.0128746032715
64 0.0197887420654
64 0.0190734863281
64 0.0178813934326
64 0.0169277191162
64 0.0181198120117
63 0.693082809448
63 0.0190734863281
63 0.0178813934326
62 0.514030456543
62 0.0159740447998
62 0.0178813934326
62 0.0181198120117
62 0.0169277191162
62 0.0181198120117
62 0.0128746032715
62 0.0171661376953
62 0.0178813934326
62 0.0181198120117
62 0.0181198120117
62 0.0169277191162
62 0.0169277191162
61 0.56004524231
61 0.0171661376953
61 0.505924224854
61 0.0162124633789
61 0.0159740447998
61 0.0169277191162
61 0.0131130218506
61 0.0190734863281
61 0.0169277191162
61 0.0169277191162
61 0.0169277191162
61 0.0159740447998
61 0.0159740447998
61 0.0159740447998
61 0.0171661376953
61 0.0178813934326
61 0.0159740447998
61 0.0162124633789
61 0.0178813934326
61 0.0181198120117
61 0.0178813934326
61 0.0178813934326
61 0.0181198120117
61 0.0178813934326
61 0.0169277191162
61 0.0178813934326
61 0.0169277191162
61 0.0171661376953
61 0.0178813934326
61 0.0169277191162
61 0.0200271606445
61 0.0181198120117
61 0.0169277191162
61 0.0169277191162
61 0.0190734863281
61 0.0178813934326
61 0.0181198120117
61 0.0178813934326
61 0.0181198120117
61 0.0169277191162
61 0.0169277191162
61 0.0190734863281
61 0.0181198120117
61 0.0169277191162
60 0.687122344971
60 0.0159740447998
60 0.0190734863281
60 0.518083572388
60 0.0178813934326
60 0.0171661376953
60 0.0169277191162
60 0.0169277191162
60 0.0181198120117
60 0.0159740447998
60 0.0159740447998
60 0.0171661376953
60 0.539779663086
60 0.0178813934326
60 0.0171661376953
60 0.0169277191162
60 0.0159740447998
60 0.014066696167
60 0.018835067749
60 0.0171661376953
60 0.0169277191162
60 0.0181198120117
60 0.0178813934326
60 0.0181198120117
60 0.0169277191162
60 0.0190734863281
60 0.0178813934326
60 0.0171661376953
60 0.0178813934326
60 0.0171661376953
60 0.0169277191162
59 0.622034072876
59 0.0169277191162
59 0.0169277191162
59 0.0169277191162
59 0.0181198120117
58 0.519990921021
58 0.0181198120117
58 0.0169277191162
58 0.0159740447998
58 0.0169277191162
58 0.0169277191162
58 0.0119209289551
58 0.0169277191162
58 0.0169277191162
58 0.0159740447998
58 0.0169277191162
58 0.543832778931
58 0.0169277191162
58 0.0128746032715
58 0.0171661376953
58 0.0159740447998
58 0.0181198120117
58 0.0159740447998
58 0.0169277191162
58 0.0181198120117
57 0.544786453247
57 0.0169277191162
57 0.505924224854
57 0.0579357147217
57 0.0178813934326
57 0.0159740447998
57 0.0121593475342
57 0.0181198120117
57 0.0159740447998
57 0.0159740447998
57 0.0159740447998
57 0.0181198120117
57 0.51212310791
57 0.0169277191162
57 0.0159740447998
57 0.477075576782
57 0.0159740447998
57 0.0159740447998
57 0.0178813934326
57 0.0159740447998
57 0.0159740447998
57 0.0169277191162
57 0.0159740447998
57 0.0169277191162
57 0.0169277191162
57 0.0159740447998
57 0.0121593475342
57 0.514030456543
57 0.0150203704834
57 0.0169277191162
57 0.0159740447998
57 0.0159740447998
57 0.0171661376953
55 0.493049621582
55 0.0150203704834
55 0.0171661376953
55 0.0159740447998
55 0.0119209289551
54 0.529050827026
54 0.0159740447998
54 0.0159740447998
54 0.0159740447998
54 0.0171661376953
54 0.0162124633789
54 0.0159740447998
54 0.0169277191162
54 0.0150203704834
54 0.0159740447998
54 0.014066696167
54 0.014066696167
54 0.0131130218506
54 0.518083572388
54 0.0159740447998
54 0.0171661376953
54 0.0171661376953
54 0.0150203704834
54 0.0181198120117
54 0.0169277191162
54 0.0159740447998
54 0.0159740447998
54 0.014066696167
54 0.0150203704834
54 0.0159740447998
54 0.0169277191162
54 0.0119209289551
54 0.0159740447998
54 0.0119209289551
54 0.0169277191162
54 0.0150203704834
54 0.0171661376953
54 0.0171661376953
54 0.0159740447998
54 0.0169277191162
54 0.0109672546387
53 0.555992126465
53 0.0159740447998
53 0.0159740447998
53 0.0150203704834
53 0.0171661376953
53 0.0159740447998
53 0.0169277191162
53 0.0169277191162
53 0.0159740447998
53 0.0159740447998
53 0.503063201904
53 0.0162124633789
53 0.0159740447998
53 0.0159740447998
53 0.0178813934326
53 0.0159740447998
53 0.046968460083
53 0.0159740447998
53 0.0169277191162
53 0.0159740447998
53 0.0159740447998
53 0.0159740447998
53 0.0159740447998
53 0.0169277191162
53 0.0169277191162
53 0.0169277191162
53 0.0169277191162
53 0.0150203704834
53 0.0169277191162
53 0.0159740447998
53 0.0150203704834
53 0.0171661376953
53 0.0171661376953
51 0.555038452148
51 0.0131130218506
51 0.0150203704834
51 0.0169277191162
51 0.0169277191162
51 0.0169277191162
51 0.0150203704834
51 0.0159740447998
51 0.0159740447998
51 0.0159740447998
51 0.0159740447998
51 0.0119209289551
51 0.0159740447998
51 0.0181198120117
51 0.0159740447998
51 0.0150203704834
51 0.0178813934326
51 0.0159740447998
51 0.0159740447998
51 0.0169277191162
51 0.0150203704834
51 0.0159740447998
51 0.0181198120117
51 0.0169277191162
51 0.0150203704834
51 0.0159740447998
51 0.0150203704834
51 0.0150203704834
51 0.0169277191162
51 0.0169277191162
51 0.0178813934326
51 0.0178813934326
51 0.0190734863281
51 0.0169277191162
51 0.0190734863281
51 0.0169277191162
51 0.0159740447998
51 0.0159740447998
51 0.0150203704834
51 0.0159740447998
51 0.0150203704834
51 0.642061233521
51 0.0159740447998
51 0.0150203704834
51 0.0159740447998
51 0.0159740447998
51 0.0159740447998
51 0.0169277191162
51 0.0150203704834
51 0.014066696167
51 0.0150203704834
51 0.0159740447998
51 0.0159740447998
51 0.0159740447998
51 0.0109672546387
51 0.0150203704834
51 0.0159740447998
51 0.0169277191162
51 0.0159740447998
51 0.0150203704834
51 0.0159740447998
51 0.0159740447998
51 0.0109672546387
51 0.0150203704834
51 0.519990921021
51 0.0147819519043
51 0.0150203704834
51 0.0159740447998
51 0.0150203704834
51 0.0150203704834
51 0.458955764771
51 0.0150203704834
51 0.0159740447998
51 0.0128746032715
51 0.0150203704834
51 0.0169277191162
51 0.0159740447998
51 0.0150203704834
51 0.0109672546387
51 0.0162124633789
51 0.0150203704834
51 0.0150203704834
51 0.0150203704834
51 0.0109672546387
51 0.0150203704834
51 0.0147819519043
51 0.0150203704834
51 0.0159740447998
51 0.0159740447998
51 0.0109672546387
51 0.0159740447998
51 0.0150203704834
51 0.0150203704834
51 0.0150203704834
51 0.0109672546387
51 0.0159740447998
51 0.0150203704834
51 0.0128746032715
51 0.0169277191162
50 0.545978546143
50 0.0150203704834
50 0.0150203704834
49 0.476837158203
49 0.0150203704834
49 0.43797492981
49 0.0138282775879
49 0.0169277191162
49 0.014066696167
49 0.0138282775879
49 0.0159740447998
49 0.0109672546387
49 0.0150203704834
49 0.0150203704834
49 0.0147819519043
49 0.0150203704834
49 0.0150203704834
49 0.0150203704834
49 0.0150203704834
49 0.0150203704834
49 0.0150203704834
48 0.501871109009
48 0.0159740447998
48 0.0109672546387
48 0.0159740447998
48 0.45108795166
48 0.0162124633789
47 0.439882278442
47 0.0159740447998
47 0.014066696167
47 0.0159740447998
47 0.0159740447998
47 0.0169277191162
47 0.0150203704834
47 0.0150203704834
47 0.0181198120117
47 0.0159740447998
47 0.0150203704834
47 0.014066696167
47 0.0150203704834
47 0.0159740447998
47 0.0138282775879
47 0.0150203704834
47 0.0150203704834
47 0.0159740447998
47 0.0147819519043
47 0.0150203704834
47 0.0169277191162
47 0.0159740447998
47 0.0150203704834
47 0.0159740447998
47 0.0159740447998
47 0.0150203704834
47 0.0159740447998
47 0.0169277191162
47 0.0159740447998
47 0.0150203704834
47 0.0150203704834
47 0.0150203704834
47 0.00905990600586
47 0.0150203704834
46 0.562191009521
46 0.0150203704834
46 0.0150203704834
46 0.014066696167
46 0.0150203704834
46 0.0150203704834
46 0.0150203704834
46 0.0150203704834
46 0.0162124633789
46 0.0150203704834
46 0.0109672546387
46 0.0138282775879
46 0.0121593475342
46 0.0159740447998
46 0.0150203704834
46 0.0159740447998
46 0.0159740447998
46 0.0162124633789
46 0.0150203704834
46 0.014066696167
46 0.0109672546387
46 0.0147819519043
46 0.0178813934326
46 0.0162124633789
46 0.0159740447998
46 0.0150203704834
46 0.0147819519043
46 0.0159740447998
46 0.0171661376953
46 0.0150203704834
46 0.0159740447998
46 0.0138282775879
46 0.0150203704834
46 0.0150203704834
46 0.0150203704834
46 0.0159740447998
46 0.0119209289551
46 0.574111938477
44 0.435829162598
42 0.478029251099
39 0.43511390686
39 0.0159740447998
39 0.440835952759
39 0.0159740447998
39 0.0150203704834
39 0.0150203704834
39 0.0150203704834
39 0.0171661376953
39 0.0109672546387
37 0.458955764771
37 0.0159740447998
37 0.0159740447998
37 0.0159740447998
37 0.0150203704834
37 0.0169277191162
37 0.0150203704834
37 0.0159740447998
37 0.0169277191162
37 0.0159740447998
37 0.0131130218506
37 0.0121593475342
37 0.0119209289551
37 0.0131130218506
37 0.0159740447998
37 0.0159740447998
37 0.496864318848
37 0.0150203704834
37 0.0150203704834
37 0.014066696167
37 0.0150203704834
37 0.0159740447998
37 0.0150203704834
37 0.0150203704834
37 0.0109672546387
37 0.014066696167
37 0.0150203704834
37 0.0150203704834
37 0.0159740447998
37 0.0159740447998
37 0.0150203704834
37 0.0169277191162
37 0.0169277191162
37 0.0159740447998
37 0.0169277191162
37 0.0190734863281
37 0.0169277191162
37 0.0150203704834
37 0.0150203704834
37 0.0150203704834
37 0.0150203704834
37 0.0121593475342
37 0.0150203704834
37 0.0159740447998
37 0.0178813934326
