595477 12087.1660709
595477 802.711963654
595477 678.415060043
595475 677.206993103
595475 780.072927475
595473 680.629014969
595471 681.906938553
595429 810.447216034
595429 688.855886459
595397 702.870845795
595391 784.749031067
595388 687.650203705
595381 812.59393692
595381 693.203926086
595378 691.082954407
595375 812.394142151
595375 683.813095093
595375 683.717012405
595372 811.125993729
595356 679.62884903
595356 680.684089661
595309 796.890974045
595309 684.246063232
595282 687.35909462
595282 802.962064743
595236 684.023857117
595230 683.104991913
595230 793.060064316
595212 685.385942459
595212 684.578895569
595212 762.559175491
595211 686.609983444
595208 722.670078278
595205 797.76597023
595205 702.479839325
595181 672.13010788
595162 775.66409111
595155 685.625076294
595155 832.427024841
595130 706.233024597
595087 661.520004272
595054 809.026956558
595054 683.650970459
594981 692.229032516
594981 804.049015045
594955 657.145023346
594946 684.833049774
594941 799.892902374
594852 684.292078018
594852 685.00995636
594835 806.126117706
594771 683.171033859
594771 688.212156296
594759 804.915189743
594719 696.050167084
594718 690.872907639
594713 795.892000198
594693 689.66293335
594669 691.278219223
594669 794.29101944
594667 689.135074615
594642 682.296991348
594642 781.630992889
594632 680.75799942
594632 818.066120148
594554 687.44301796
594553 684.08203125
594553 810.305118561
594553 691.518783569
594553 686.569929123
594553 811.526060104
594553 681.910037994
594552 682.79504776
594552 799.551010132
594546 690.599918365
594546 693.886041641
594484 781.968832016
594484 681.360960007
594484 686.117887497
594484 801.140069962
594423 685.8959198
594423 657.97996521
594396 793.902158737
594396 685.873985291
594396 688.295125961
594346 785.585165024
594318 666.023015976
594318 688.227891922
594318 778.951883316
594277 686.28692627
594252 697.010040283
594252 729.829072952
594252 687.004089355
594252 822.062015533
594231 690.203905106
594196 693.791151047
594196 810.971975327
594168 684.400081635
594167 689.694166183
594132 809.348106384
594132 693.753957748
594118 691.143989563
594053 797.335147858
594046 687.739133835
594046 696.269035339
594036 810.282230377
594034 692.762136459
594024 691.984176636
594024 788.640975952
594024 691.895008087
594010 695.638895035
593971 790.488004684
593971 686.474084854
593946 687.33382225
593927 783.375024796
593927 691.411018372
593915 702.205896378
593913 760.872840881
593884 716.078042984
593884 814.303159714
593884 690.420150757
593884 683.595895767
593884 784.801006317
593869 683.374881744
593858 687.628030777
593858 805.998086929
593815 687.180995941
593815 660.96997261
593808 800.508022308
593796 680.963993073
593753 688.466072083
593705 794.914960861
593665 666.002035141
593653 688.065052032
593653 804.826974869
593596 688.720941544
593596 692.910194397
593585 787.060976028
593585 683.3319664
593559 687.138080597
593545 810.537815094
593545 704.200983047
593545 695.902109146
593512 780.114889145
593512 693.415880203
593506 816.992044449
593506 689.434051514
593506 684.39078331
593493 811.245918274
593492 685.221910477
593492 690.222024918
593439 814.465999603
593404 692.097902298
593388 684.417009354
593388 811.751127243
593388 693.25709343
593388 696.665048599
593360 805.880069733
593323 712.055921555
593277 687.284946442
593260 791.290044785
593233 689.139127731
593233 682.740211487
593233 767.728090286
593233 691.605091095
593233 682.820081711
593193 786.553859711
593147 688.665866852
593136 665.58098793
593125 788.292884827
593125 723.597049713
593114 819.688081741
593108 685.809135437
593099 658.910989761
593071 807.554006577
593071 685.528993607
593071 685.220956802
593026 802.89721489
593013 660.692930222
593011 682.598829269
592997 797.973155975
592997 689.193964005
592997 691.266059875
592997 808.286905289
592984 686.959028244
592984 685.840845108
592984 799.516916275
592984 685.40596962
592976 686.866044998
592968 784.982204437
592951 682.430028915
592942 687.90602684
592932 793.267965317
592874 686.223983765
592874 690.335035324
592874 783.79201889
592856 699.125051498
592810 832.082033157
592773 691.770076752
592746 682.256937027
592746 827.646017075
592746 682.864904404
592720 689.664125443
592698 818.502902985
592698 681.693077087
592660 689.639806747
592651 818.119049072
592651 698.194026947
592606 689.398050308
592606 772.177934647
592606 682.8789711
592603 684.79013443
592603 797.744989395
592603 684.42606926
592558 667.734146118
592558 795.804977417
592527 691.406011581
592521 691.442012787
592504 793.565034866
592504 665.274143219
592495 692.551136017
592460 783.310890198
592439 693.15290451
592388 692.008018494
592334 731.959104538
592334 682.209968567
592334 821.154117584
592334 693.603992462
592322 705.099105835
592322 809.056997299
592322 686.975955963
592322 688.991785049
592322 807.605981827
592288 697.523832321
592241 694.110870361
592241 796.369791031
592176 687.686920166
592176 684.248924255
592176 801.913976669
592147 693.535089493
592147 685.588121414
592086 788.943052292
592058 692.917108536
592058 709.362983704
592058 785.863161087
592006 686.599969864
591958 687.353134155
591947 784.096956253
591930 692.080974579
591914 685.091972351
591914 764.190196991
591894 685.419082642
591852 813.505887985
591852 687.180042267
591848 698.100090027
591792 798.365831375
591792 686.383962631
591768 686.007976532
591746 809.924840927
591746 681.299209595
591735 659.886837006
591724 798.954963684
591724 684.313058853
591724 686.794042587
591708 794.178962708
591695 671.217918396
591695 698.655843735
591666 798.90203476
591659 694.081068039
591659 695.610046387
591659 784.759998322
591659 679.349899292
591650 686.203956604
591595 784.975767136
591595 735.817909241
591576 684.036016464
591558 772.055864334
591533 680.166959763
591533 816.947937012
591514 684.307813644
591514 690.707921982
591514 807.392835617
591514 682.17587471
591514 686.992883682
591514 806.205034256
591514 684.596061707
591465 677.306175232
591457 796.304941177
591457 681.99801445
591442 699.748039246
591387 846.657991409
591311 680.680990219
591311 684.873104095
591311 793.792009354
591310 698.207139969
591310 685.127019882
591310 768.563985825
591310 689.59403038
591290 687.915802002
591290 785.43305397
591288 682.736873627
591284 658.73503685
591284 778.831005096
591277 686.899900436
591277 832.207918167
591277 712.249040604
591277 674.859046936
591275 810.881137848
591275 687.344074249
591275 691.457033157
591275 810.216903687
591247 659.79886055
591247 701.70879364
591179 810.14084816
591169 687.095880508
591169 694.680213928
591151 825.516939163
591089 751.666069031
591003 729.403018951
591003 898.442029953
591003 688.992977142
590992 683.463096619
590974 817.158937454
590921 726.985216141
590911 688.045024872
590911 782.035827637
590911 686.107873917
590898 678.109884262
590898 778.05185318
590898 684.854030609
590847 816.362857819
590847 678.716897964
590788 680.627822876
590788 805.583953857
590779 680.171966553
590754 692.289829254
590754 800.61507225
590754 679.034948349
590734 679.217100143
590734 796.944141388
590706 686.627149582
590706 679.074048996
590706 770.863056183
590706 679.244041443
590700 683.668136597
590700 789.055109024
590684 683.104991913
590680 676.383972168
590680 811.136960983
590679 728.111982346
590679 724.105119705
590632 780.092000961
590600 655.647993088
590590 681.317090988
590577 776.380062103
590572 681.478023529
590572 685.142040253
590572 747.924089432
590534 690.10591507
590522 822.882890701
590522 701.632976532
590522 688.369989395
590514 807.144165039
590514 678.030967712
590468 685.362815857
590451 803.287982941
590451 686.773061752
590451 681.427001953
590419 794.03591156
590397 678.193092346
590387 681.437015533
590331 796.543836594
590290 681.086063385
590290 678.521156311
590290 787.2838974
590290 682.471036911
590290 686.631917953
590290 779.072999954
590290 678.596973419
590290 678.116798401
590290 778.491020203
590290 683.089971542
590271 683.617830276
590271 758.251905441
590255 678.352832794
590173 812.325000763
590160 685.595035553
590149 680.306911469
590134 780.893087387
590120 682.853937149
590120 682.542085648
590120 800.144910812
590115 679.435968399
590115 660.359144211
590115 794.034004211
590115 680.27305603
590105 686.151981354
590082 787.52207756
590082 656.87584877
590082 682.894945145
590082 784.167051315
590053 684.807062149
590022 685.749053955
589966 784.231901169
589966 680.083036423
589932 678.594112396
589929 780.606985092
589907 684.906005859
589907 681.1439991
589906 768.029928207
589906 686.410188675
589857 810.730934143
589833 684.191942215
589833 681.026935577
589745 802.353858948
589733 679.995059967
589729 683.520078659
589695 806.975841522
589689 682.40904808
589689 677.085876465
589689 794.782876968
589689 683.881044388
589689 686.614990234
589689 789.64805603
589684 677.896976471
589684 680.726051331
589666 808.435916901
589666 681.557893753
589660 681.362867355
589660 758.219957352
589660 679.460763931
589660 682.194948196
589660 782.212972641
589618 677.916049957
589618 659.072875977
589601 774.499893188
589568 682.11388588
589568 812.369823456
589545 680.635929108
589477 654.899835587
589477 805.082082748
589429 679.347991943
589429 684.121847153
589429 802.025794983
589406 659.56902504
589406 677.435874939
589406 798.97403717
589338 682.447195053
589338 685.283899307
589335 797.723054886
589322 680.284023285
589322 684.201002121
589322 790.803909302
589256 684.284925461
589247 682.14392662
589226 781.02183342
589226 679.794073105
589226 681.756019592
589188 784.821033478
589187 681.793928146
589179 704.13684845
589166 797.18708992
589160 690.976858139
589160 821.413040161
589143 685.785055161
589143 685.328960419
589136 811.071872711
589122 686.190843582
589107 690.364122391
589068 807.517051697
589062 687.349081039
589062 693.341016769
589059 821.444988251
589059 689.40114975
589051 684.293031693
589051 775.436878204
589032 687.10899353
589032 681.95605278
588965 798.217058182
588965 685.355186462
588957 661.385059357
588921 783.24508667
588912 689.604043961
588912 687.076091766
588880 782.495975494
588799 663.500070572
588799 684.722185135
588755 779.056072235
588750 687.131881714
588739 686.893939972
588737 736.814022064
588737 682.099103928
588706 813.257932663
588706 687.609910965
588706 691.430091858
588674 804.36706543
588674 697.043180466
588618 701.014041901
588618 806.080102921
588618 684.944868088
588618 689.413070679
588618 798.546075821
588618 683.171987534
588618 687.081098557
588605 800.944805145
588605 683.332920074
588605 682.023048401
588596 791.82600975
588596 685.041904449
588562 687.613010406
588562 802.324056625
588562 682.729005814
588562 683.771848679
588559 779.94799614
588559 691.884994507
588559 686.93780899
588533 754.021883011
588533 682.820081711
588533 817.437887192
588525 688.29703331
588521 683.892011642
588520 790.531873703
588511 685.096025467
588511 684.965848923
588477 806.015014648
588477 683.034181595
588477 662.156105042
588477 800.369024277
588464 687.465190887
588447 688.282012939
588423 793.883800507
588423 659.567832947
588417 687.669992447
588417 791.426181793
588417 691.123962402
588386 687.607049942
588386 788.539886475
588351 682.08694458
588351 686.399936676
588316 816.398859024
588298 690.198898315
588255 681.818962097
588255 780.966997147
588253 687.644004822
588253 816.09416008
588253 691.558122635
588253 685.325860977
588251 806.857824326
588213 687.982082367
588193 688.091039658
588177 822.837114334
588177 686.287879944
588177 682.102203369
588123 793.295860291
588112 686.370849609
588101 683.302164078
588101 792.740106583
588101 676.997900009
588101 680.160999298
588101 788.643836975
588101 684.525966644
588101 678.932905197
588090 761.459827423
588090 679.017066956
588061 680.861949921
588045 780.85899353
588045 683.475971222
588038 655.580997467
588038 777.484178543
588020 682.235002518
588006 814.073085785
588006 677.855014801
587999 657.84907341
587990 804.378032684
587966 680.577039719
587966 683.933973312
587966 800.61006546
587939 656.790018082
587939 677.834033966
587939 810.429096222
587939 702.110052109
587930 689.774990082
587930 844.788074493
587930 679.167985916
587930 685.829877853
587930 788.859844208
587930 687.331914902
587929 686.341047287
587929 783.195018768
587929 679.234981537
587906 686.784982681
587893 781.755924225
587893 678.150892258
587887 680.908918381
587863 774.767875671
587843 681.282997131
587774 813.415050507
587761 682.530879974
587761 678.942918777
587761 805.747032166
587761 680.814027786
587761 683.275938034
587761 803.909063339
587718 679.11696434
587718 685.992002487
587711 799.691915512
587711 686.662912369
587711 679.58688736
587708 773.800134659
587708 695.229053497
587701 684.87405777
587701 794.8179245
587701 692.135095596
587701 698.881149292
587701 806.833982468
587696 755.099058151
587668 766.526937485
587650 842.06199646
587644 657.351970673
587639 678.671836853
587630 778.169870377
587630 681.864976883
587622 688.56716156
587607 758.983135223
587570 731.585979462
587570 844.475984573
587565 689.98503685
587505 692.682981491
587494 813.446998596
587487 685.925006866
587464 690.293073654
587453 813.305854797
587453 697.304010391
587416 692.677974701
587416 802.397012711
587416 691.580057144
587416 699.314117432
587416 811.022043228
587416 693.203926086
587416 685.045003891
587416 791.568040848
587404 688.33899498
587404 696.523189545
587404 787.533044815
587394 685.693979263
587377 690.915107727
587377 785.799026489
587377 693.081140518
587377 685.440063477
587349 755.912065506
587307 689.158916473
587307 817.113876343
587300 689.686059952
587300 690.790891647
587285 788.846969604
587285 684.643983841
587267 694.560050964
587212 808.301925659
587162 690.145015717
587143 663.475036621
587143 801.567077637
587132 687.481164932
587094 691.415071487
587043 794.961214066
587009 664.005994797
587009 686.956882477
587003 792.012929916
586989 695.013999939
586937 691.636800766
586937 791.214942932
586895 686.523914337
586868 690.07897377
586868 789.615869522
586868 692.708969116
586839 704.713106155
586839 777.463912964
586802 688.924074173
586789 818.214893341
586781 696.955919266
586758 689.502000809
586758 812.528133392
586757 685.981988907
586757 692.033052444
586749 822.994947433
586712 695.595026016
586712 689.893960953
586700 810.001134872
586678 693.597078323
586678 692.718982697
586672 808.278083801
586672 689.604997635
586621 704.33306694
586621 831.648826599
586612 700.752973557
586603 689.663171768
586569 775.210857391
586567 689.689874649
586555 691.85590744
586481 794.25406456
586422 693.232059479
586415 670.82285881
586415 785.967111588
586373 696.017026901
586373 821.166038513
586349 714.787006378
586349 695.831775665
586349 847.455024719
586349 689.466953278
586347 695.806026459
586347 805.690050125
586323 668.22385788
586299 684.960126877
586299 805.953979492
586299 693.559169769
586299 694.999933243
586299 805.47785759
586299 706.035852432
586299 703.760147095
586270 833.23597908
586264 700.400829315
586245 722.672939301
586245 795.985937119
586245 689.68296051
586231 690.790891647
586231 795.712947845
586223 688.323020935
586223 687.013149261
586223 780.208110809
586221 691.632032394
586196 819.235086441
586183 696.426868439
586169 691.2150383
586167 817.100048065
586167 691.980838776
586167 695.822000504
586138 807.894945145
586134 685.949087143
586127 685.487985611
586115 817.364931107
586115 696.040153503
586115 691.359996796
586115 779.546976089
586104 688.130140305
586068 691.680908203
586068 797.875881195
586046 688.537836075
585976 667.373895645
585937 789.800882339
585937 686.646938324
585937 693.111896515
585916 788.652896881
585916 664.72196579
585916 691.998004913
585916 783.669948578
585916 694.316148758
585916 694.621086121
585916 736.452102661
585912 688.020944595
585884 814.965009689
585884 689.917087555
585857 692.1210289
585839 812.264919281
585839 685.497045517
585839 690.945148468
585839 810.290813446
585826 692.943811417
585826 687.417030334
585790 800.435066223
585786 686.669111252
585771 688.540935516
585752 803.128004074
585733 688.023090363
585723 686.798095703
585723 791.537046432
585723 693.802118301
585717 693.258047104
585717 790.230989456
585717 682.881116867
585686 685.136079788
585667 787.525892258
585667 689.481019974
585655 690.38105011
585655 760.020017624
585655 686.086177826
585617 813.956975937
585608 704.528093338
585608 730.77082634
585598 848.837137222
585566 692.575931549
585566 707.370996475
585566 819.128990173
585552 717.149019241
585552 673.154115677
585552 811.517000198
585552 704.178094864
585552 713.230133057
585552 847.012042999
585538 692.497968674
585515 703.903913498
585515 806.64396286
585515 726.063966751
585509 728.701114655
585509 845.101833344
585501 696.965932846
585497 698.298215866
585497 823.256969452
585497 710.5281353
585497 704.847097397
585497 810.106039047
585448 697.772979736
585436 854.415893555
585436 703.871011734
585435 702.027082443
585435 820.094108582
585396 729.491949081
585393 716.518163681
585381 854.005098343
585338 725.243091583
585338 722.57900238
585277 836.20595932
585277 704.159021378
585277 720.500946045
585253 840.777873993
585245 697.269916534
585245 692.021131516
585213 823.931932449
585185 722.697973251
585183 700.874090195
585183 786.092996597
585157 699.630022049
585157 706.429004669
585157 813.040971756
585157 714.927911758
585126 691.844940186
585126 826.267957687
585126 719.002962112
585123 867.880821228
585123 724.214076996
585048 674.371004105
584994 826.049089432
584975 729.165077209
584973 746.521234512
584973 844.228982925
584958 665.944814682
584958 687.32714653
584946 816.484928131
584946 695.991039276
584946 692.280054092
584932 826.106071472
584932 708.227872849
584932 691.638946533
584877 800.806999207
584877 691.740989685
584850 703.40013504
584850 852.304935455
584825 759.442090988
584825 721.976041794
584807 804.252147675
584788 738.3248806
584788 732.301950455
584781 815.08398056
584771 728.178977966
584720 855.723142624
584720 721.565961838
584720 737.611055374
584714 875.996112823
584698 737.783908844
584695 737.063884735
584695 827.079057693
584654 695.008993149
584603 691.577911377
584587 808.099031448
584587 697.652101517
584587 699.787855148
584515 802.608966827
584515 692.867040634
584515 713.582038879
584496 829.303979874
584496 692.761898041
584448 664.844036102
584429 792.141914368
584390 697.160959244
584342 692.297935486
584342 790.402889252
584342 664.979934692
584342 688.355922699
584335 806.786060333
584301 715.995073318
584296 692.965984344
584266 735.48412323
584218 695.739030838
584193 820.418834686
584140 700.040102005
584110 699.740886688
584110 814.260959625
584110 687.283992767
584084 696.300983429
584084 820.527076721
584051 693.666219711
584001 689.637184143
584001 800.369977951
583983 686.141967773
583983 691.516876221
583983 802.608966827
583983 690.122842789
583983 687.310218811
583943 790.063142776
583943 689.474105835
583928 696.593046188
583928 793.096065521
583928 696.156024933
583925 690.449953079
583925 789.565086365
583914 693.742990494
583914 700.057983398
583903 764.117002487
583903 690.051078796
583887 829.096078873
583887 714.425086975
583859 693.852186203
583837 802.103996277
583831 690.503120422
583821 691.283941269
583821 808.501005173
583818 695.969104767
583808 666.512966156
583808 802.458047867
583808 688.390016556
583808 689.779043198
583808 796.930074692
583807 666.583061218
583803 684.52501297
583796 797.40190506
583796 690.392971039
583771 692.976951599
583771 789.873838425
583770 688.753128052
583770 688.759088516
583741 792.765140533
583741 688.824176788
583741 688.282966614
583740 779.377937317
583716 689.687013626
583712 824.860095978
583712 699.93185997
583696 690.222978592
583694 813.39097023
583694 692.52705574
583694 693.982839584
583677 814.229011536
583677 691.605806351
583667 688.004016876
583587 804.29315567
583587 690.780878067
583587 691.154956818
583587 824.036121368
583577 689.126014709
583552 687.632083893
583552 811.460018158
583552 699.854850769
583530 690.306901932
583530 793.829917908
583530 699.731826782
583522 705.371856689
583522 799.72410202
583502 694.185972214
583455 684.65590477
583447 785.21490097
583437 696.517944336
583437 827.226161957
583437 699.532985687
583437 665.148973465
583437 812.032938004
583437 684.626102448
583409 692.579984665
583340 805.875062943
583330 663.00702095
583327 689.548015594
583327 806.5969944
583294 692.136049271
583217 691.493988037
583217 806.291103363
583192 688.99512291
583192 697.149991989
583175 807.230949402
583175 695.264101028
583115 699.927091599
583092 792.867183685
583092 693.474054337
583092 695.295095444
583050 796.375989914
583000 690.173149109
583000 692.54899025
583000 783.442020416
583000 698.726177216
583000 824.865102768
582976 709.557056427
582967 708.75620842
582945 866.714000702
582945 686.551809311
582945 691.558837891
