1193154 42756.2839985
1193142 1419.61503029
1193121 1416.85986519
1193077 1424.83901978
1193075 1432.31081963
1193070 1417.80591011
1193062 1429.67104912
1193039 1420.57681084
1193039 1412.39309311
1193036 1424.70693588
1193036 1406.76903725
1193006 1404.41703796
1193006 1394.64688301
1193000 1790.28296471
1192998 1650.13599396
1192970 1395.52307129
1192969 1558.30693245
1192969 1660.94207764
1192969 1443.55607033
1192959 1527.50182152
1192959 1698.79293442
1192921 1700.26302338
1192921 1447.95417786
1192921 1689.31698799
1192921 1693.76397133
1192842 1436.75398827
1192808 1642.72904396
1192808 1688.40885162
1192802 1448.71807098
1192802 1580.13391495
1192797 1704.35714722
1192797 1719.37298775
1192786 1379.90093231
1192784 1656.40902519
1192765 1727.06604004
1192765 1450.79493523
1192747 1618.55792999
1192725 1730.76295853
1192725 1408.82611275
1192718 1660.96591949
1192687 1706.04610443
1192658 1759.00888443
1192637 1415.99202156
1192582 1636.07192039
1192582 1655.58695793
1192543 1385.24985313
1192537 1703.37891579
1192497 1729.63619232
1192490 1463.11783791
1192490 1671.38695717
1192473 1723.3748436
1192473 1744.10915375
1192473 1464.75696564
1192453 1732.80596733
1192442 1772.19700813
1192442 1495.82600594
1192442 1706.29096031
1192442 1752.32386589
1192442 1456.89797401
1192442 1744.83203888
1192382 1773.84090424
1192382 1817.26193428
1192382 1514.96100426
1192364 1766.59917831
1192364 1794.55184937
1192358 1506.42704964
1192314 1752.20704079
1192314 1856.43219948
1192262 1478.92403603
1192262 1732.88488388
1192237 1784.44194794
1192237 1766.73603058
1192228 1493.19410324
1192228 1759.06300545
1192215 1791.4249897
1192215 1496.74797058
1192188 1737.05291748
1192188 1789.23487663
1192188 1509.68503952
1192188 1730.66592216
1192181 1745.64599991
1192181 1771.00300789
1192167 1513.45992088
1192162 1773.72717857
1192162 1719.51198578
1192147 1484.75289345
1192116 1740.27109146
1192116 1689.46504593
1192116 1404.83617783
1192107 1609.53307152
1192107 1726.41205788
1192102 1675.20213127
1192080 1409.88492966
1192080 1632.52091408
1192021 1653.30505371
1192021 1402.50682831
1192021 1616.60814285
1192003 1613.35611343
1191987 1404.88600731
1191986 1609.43579674
1191986 1637.45212555
1191980 1673.09093475
1191930 1400.79879761
1191907 1634.05704498
1191880 1659.77501869
1191871 1408.17594528
1191842 1632.08889961
1191839 1636.79909706
1191839 1393.32389832
1191839 1597.91588783
1191814 1648.42796326
1191810 1876.01995468
1191806 1517.17185974
1191798 1677.77395248
1191791 1687.81709671
1191791 1427.26588249
1191791 1696.14505768
1191791 1686.18798256
1191785 1482.27715492
1191785 1663.81502151
1191785 1654.48498726
1191773 1716.79592133
1191773 1449.0070343
1191755 1597.18990326
1191736 1664.84689713
1191736 1408.69998932
1191700 1668.79892349
1191700 1725.56591034
1191700 1453.8371563
1191700 1678.53498459
1191642 1703.03821564
1191624 1741.51587486
1191624 1446.9230175
1191624 1684.15403366
1191624 1683.80999565
1191624 1434.24701691
1191624 1637.27402687
1191623 1718.3380127
1191623 1453.58896255
1191563 1682.46006966
1191563 1745.8589077
1191563 1809.88693237
1191563 1499.39894676
1191545 1726.43685341
1191545 1786.73100471
1191532 1482.34581947
1191503 1720.36600113
1191477 1791.41306877
1191463 1496.75798416
1191395 1674.8020649
1191395 1758.3360672
1191375 1486.46807671
1191375 1602.50997543
1191369 1779.98685837
1191369 1809.97014046
1191369 1505.20586967
1191369 1761.78884506
1191362 1812.88099289
1191342 1493.98803711
1191340 1748.18301201
1191306 1806.65707588
1191299 1512.76183128
1191299 1695.31798363
1191297 1781.76498413
1191297 1824.88894463
1191211 1456.84099197
1191135 1753.49807739
1191115 1792.95706749
1191055 1523.67091179
1191046 1751.36113167
1190973 1795.79496384
1190973 1500.65803528
1190964 1734.00402069
1190964 1778.11789513
1190956 1804.30006981
1190956 1510.41007042
1190944 1763.11802864
1190934 1789.7439003
1190934 1446.04682922
1190892 1754.7929287
1190874 1803.08818817
1190874 1518.17703247
1190868 1736.3948822
1190868 1783.49399567
1190822 1825.54101944
1190801 1515.26594162
1190801 1775.56395531
1190801 1811.55180931
1190801 1510.87284088
1190787 1750.40411949
1190787 1781.89587593
1190787 1454.86187935
1190733 1679.55708504
1190703 1696.79498672
1190703 1772.27902412
1190703 1478.63984108
1190684 1691.48397446
1190684 1722.03707695
1190684 1444.05603409
1190627 1660.35413742
1190624 1705.77812195
1190624 1441.08700752
1190602 1680.23586273
1190590 1719.31481361
1190590 1691.21193886
1190573 1459.77497101
1190573 1695.88184357
1190563 1734.90595818
1190563 1489.79210854
1190551 1711.42196655
1190528 1711.96007729
1190528 1449.68295097
1190528 1658.86712074
1190528 1718.22094917
1190508 1728.75094414
1190485 1459.85007286
1190466 1690.7119751
1190466 1708.02879333
1190436 1446.2928772
1190436 1675.25100708
1190434 1738.20900917
1190396 1458.96792412
1190396 1660.31908989
1190396 1698.3590126
1190366 1742.90108681
1190322 1484.46297646
1190322 1715.0349617
1190312 1762.18986511
1190304 1448.25100899
1190304 1694.21696663
1190304 1694.25296783
1190304 1463.94205093
1190304 1690.24205208
1190290 1741.29199982
1190290 1789.69287872
1190290 1501.60503387
1190228 1719.09618378
1190226 1745.85604668
1190226 1448.58884811
1190226 1697.46494293
1190226 1719.21992302
1190223 1468.94001961
1190222 1683.26616287
1190222 1664.80016708
1190217 1760.82897186
1190167 1460.9401226
1190163 1703.12213898
1190124 1728.08504105
1190083 1450.29902458
1190053 1691.40696526
1190048 1755.42712212
1189977 1478.5130024
1189961 1709.41090584
1189961 1724.31087494
1189961 1763.02409172
1189900 1448.82893562
1189826 1640.2759552
1189802 1726.17506981
1189787 1451.80892944
1189735 1708.97698402
1189735 1717.85187721
1189720 1450.63495636
1189720 1693.55487823
1189718 1641.59488678
1189713 1702.20398903
1189705 1416.56804085
1189657 1637.59803772
1189648 1669.67511177
1189616 1407.78493881
1189616 1589.29109573
1189616 1683.31599236
1189589 1489.52913284
1189589 1744.45915222
1189583 1762.36581802
1189583 1796.29993439
1189583 1510.79010963
1189532 1759.9260807
1189508 1801.03302002
1189508 1498.64506721
1189507 1748.97193909
1189507 1796.15712166
1189487 1515.07592201
1189474 1704.14400101
1189474 1792.74296761
1189473 1521.43287659
1189473 1645.10416985
1189448 1778.60307693
1189427 1817.72589684
1189401 1521.02208138
1189396 1755.163908
1189380 1797.96981812
1189368 1513.53406906
1189368 1742.65599251
1189368 1792.08397865
1189331 1504.43601608
1189331 1676.30910873
1189323 1767.50588417
1189323 1807.33585358
1189300 1453.85098457
1189300 1749.5880127
1189300 1807.20901489
1189292 1512.80784607
1189292 1739.65907097
1189280 1792.89197922
1189280 1510.54787636
1189277 1727.79989243
1189277 1794.27599907
1189244 1811.77020073
1189244 1505.45692444
1189244 1770.46704292
1189202 1793.17998886
1189184 1474.29704666
1189184 1766.06106758
1189163 1792.7069664
1189105 1514.49203491
1189105 1740.35191536
1189016 1772.47095108
1188985 1815.6850338
1188925 1513.35811615
1188925 1757.63893127
1188925 1796.10896111
1188920 1499.3519783
1188899 1739.29595947
1188888 1781.0280323
1188876 1455.25407791
1188876 1720.91698647
1188868 1779.55007553
1188868 1813.9269352
1188868 1510.83683968
1188868 1767.36497879
1188849 1805.04012108
1188849 1507.70711899
1188827 1750.75006485
1188772 1790.32516479
1188756 1508.03995132
1188731 1740.3960228
1188731 1774.64294434
1188731 1767.96483994
1188726 1514.58191872
1188726 1762.84790039
1188699 1796.56100273
1188699 1519.27804947
1188699 1749.73392487
1188699 1795.04799843
1188699 1508.86583328
1188659 1741.7640686
1188603 1849.00712967
1188591 1797.94311523
1188591 1508.40997696
1188591 1759.85813141
1188591 1747.09916115
1188552 1517.43912697
1188546 1762.43281364
1188546 1838.49000931
1188546 1518.78714561
1188533 1748.36993217
1188502 1797.123909
1188462 1823.16994667
1188444 1531.54301643
1188423 1776.91793442
1188423 1799.65901375
1188423 1508.64195824
1188400 1802.91604996
1188400 1920.88794708
1188376 1582.2198391
1188335 1866.83607101
1188335 1709.91420746
1188335 1781.61978722
1188305 1508.32700729
1188305 1694.66996193
1188305 1735.66389084
1188305 1462.85510063
1188239 1740.37909508
1188239 1736.46998405
1188239 1492.40612984
1188239 1671.85282707
1188239 1696.2749958
1188230 1749.1979599
1188230 1459.14983749
1188230 1738.11411858
1188230 1740.61489105
1188230 1472.80716896
1188204 1668.3151722
1188204 1701.39217377
1188204 1443.74704361
1188179 1649.69706535
1188149 1705.51896095
1188129 1723.34003448
1188079 1458.99105072
1188079 1637.09378242
1188046 1732.52415657
1188021 1489.54892159
1187983 1678.90501022
1187963 1711.40789986
1187963 1400.04611015
1187963 1602.91099548
1187949 1636.15512848
1187911 1673.03204536
1187911 1397.86505699
1187911 1648.38695526
1187895 1666.32390022
1187894 1402.04405785
1187887 1566.47992134
1187887 1668.38598251
1187887 1402.96697617
1187871 1621.26612663
1187836 1647.46594429
1187827 1677.55103111
1187827 1394.70601082
1187824 1651.87907219
1187817 1672.16205597
1187788 1396.77190781
1187776 1613.32702637
1187776 1648.49114418
1187736 1407.3009491
1187730 1556.99801445
1187730 1644.37103271
1187730 1410.95209122
1187715 1509.75680351
1187712 1623.16608429
1187712 1662.24098206
1187712 1399.77097511
1187712 1614.47095871
1187712 1651.87096596
1187700 1403.60403061
1187700 1612.72501945
1187684 1642.90904999
1187664 1427.13904381
1187664 1621.96302414
1187664 1660.24494171
1187658 1704.48493958
1187652 1447.34096527
1187652 1649.25193787
1187618 1653.68199348
1187618 1399.50084686
1187618 1613.29007149
1187618 1640.86103439
1187594 1409.19399261
1187582 1591.00103378
1187542 1623.55685234
1187532 1661.52501106
1187523 1396.17085457
1187523 1616.33205414
1187523 1654.28805351
1187439 1360.86392403
1187439 1603.43694687
1187439 1647.06897736
1187419 1401.48997307
1187419 1588.4988308
1187349 1649.66702461
1187349 1669.29388046
1187335 1432.81888962
1187335 1699.12600517
1187335 1750.75697899
1187311 1540.40408134
1187311 1696.60305977
1187300 1771.36492729
1187293 1445.5499649
1187233 1674.41320419
1187233 1707.57699013
1187205 1803.40600014
1187186 1509.19985771
1187186 1796.41699791
1187186 1807.37495422
1187163 1518.34201813
1187163 1735.87393761
1187148 1776.33309364
1187104 1511.80505753
1187104 1720.07894516
1187010 1756.55794144
1187001 1749.89414215
1187001 1504.46295738
1187001 1775.41089058
1187001 1813.86303902
1186973 1509.63902473
1186973 1751.93595886
1186973 1792.63591766
1186964 1515.05088806
1186956 1754.84395027
1186956 1775.06899834
1186956 1820.57595253
1186925 1521.64006233
1186925 1769.42300797
1186906 1756.5510273
1186829 1514.60289955
1186829 1741.23501778
1186829 1784.07692909
1186829 1507.10391998
1186818 1739.89295959
1186805 1777.58717537
1186770 1810.35614014
1186770 1492.99001694
1186761 1695.64008713
1186746 1730.79299927
1186746 1490.56077003
1186746 1694.62490082
1186746 1712.4080658
1186712 1496.94800377
1186712 1694.15378571
1186657 1751.74307823
1186657 1851.86004639
1186657 1521.69299126
1186657 1775.25901794
1186656 1822.08490372
1186622 1523.60486984
1186622 1769.50407028
1186622 1799.39699173
1186622 1520.45083046
1186589 1752.95305252
1186575 1724.12109375
1186575 1814.93806839
1186575 1499.53699112
1186569 1765.17796516
1186568 1798.78306389
1186559 1502.79593468
1186527 1754.65202332
1186503 1779.93083
1186503 1514.39404488
1186503 1741.49489403
1186495 1785.94493866
1186495 1821.53487206
1186491 1512.24803925
1186476 1718.51396561
1186476 1806.27894402
1186476 1516.11614227
1186430 1762.84098625
1186430 1796.08392715
1186380 1523.16784859
1186343 1744.2510128
1186343 1786.12709045
1186343 1827.43477821
1186343 1505.11980057
1186331 1764.85013962
1186331 1808.72702599
1186331 1516.91913605
1186308 1716.2129879
1186308 1807.19184875
1186281 1519.91081238
1186281 1739.94994164
1186273 1784.59501266
1186229 1819.24295425
1186162 1506.00194931
1186162 1771.18611336
1186140 1803.12895775
1186140 1506.35385513
1186140 1755.42998314
1186140 1796.27990723
1186138 1509.03296471
1186049 1699.49507713
1186049 1786.1020565
1186049 1524.31511879
1186049 1640.92683792
1185996 1776.79896355
1185996 1821.60592079
1185996 1522.52602577
1185989 1753.61394882
1185989 1813.0440712
1185989 1521.40808105
1185989 1755.17201424
1185989 1797.32298851
1185989 1519.72389221
1185989 1685.32896042
1185957 1776.55291557
1185957 1825.56509972
1185957 1466.44997597
1185917 1770.25389671
1185917 1844.49005127
1185873 1527.76694298
1185865 1750.21600723
1185856 1785.30788422
1185807 1504.62818146
1185754 1717.34786034
1185747 1758.87203217
1185686 1800.18901825
1185655 1514.27507401
1185592 1808.84385109
1185592 1806.00881577
1185582 1463.8428688
1185563 1753.0670166
1185563 1811.32483482
1185563 1522.01509476
1185560 1788.84196281
1185539 1839.59102631
1185539 1822.14713097
1185506 1530.79986572
1185506 1849.38097
1185506 1804.97384071
1185473 1517.11797714
1185473 1769.75297928
1185464 1783.80799294
1185455 1457.76414871
1185449 1784.19995308
1185449 1773.48899841
1185431 1817.07906723
1185409 1510.66017151
1185390 1757.09700584
1185390 1807.61694908
1185386 1507.80391693
1185386 1759.87005234
1185380 1807.3489666
1185380 1517.92216301
1185380 1783.29396248
1185380 1789.3280983
1185357 1771.14915848
1185302 1541.96596146
1185273 1818.42279434
1185273 1810.29295921
1185271 1541.96405411
1185245 1763.64803314
1185237 1946.89202309
1185237 1503.84402275
1185237 1727.36787796
1185237 1738.1310463
1185237 1810.43505669
1185237 1505.56588173
1185237 1749.25088882
1185179 1725.82602501
1185142 1482.04088211
1185131 1661.81182861
1185127 1730.4110527
1185124 1470.29685974
1185124 1656.00013733
1185117 1689.01991844
1185096 1739.23492432
1185096 1435.30297279
1185096 1672.20807076
1185096 1708.30702782
1185023 1455.16705513
1185011 1697.61800766
1185011 1700.74796677
1185011 1449.76496696
1184956 1706.30598068
1184956 1727.05197334
1184956 1752.7718544
1184942 1467.43702888
1184942 1718.87612343
1184942 1709.65600014
1184937 1451.13801956
1184935 1715.9948349
1184935 1706.37798309
1184935 1445.02401352
1184903 1696.0401535
1184889 1668.45488548
1184889 1716.766119
1184881 1461.31110191
1184881 1703.30190659
1184874 1756.67190552
1184860 1474.16496277
1184860 1637.56799698
1184860 1637.83311844
1184818 1406.11815453
1184818 1622.39599228
1184818 1643.34487915
1184813 1675.96197128
1184813 1425.19807816
1184813 1607.11789131
1184813 1705.21187782
1184757 1440.85693359
1184698 1633.39090347
1184673 1644.70505714
1184673 1392.19903946
1184636 1608.52789879
1184604 1687.43896484
1184604 1660.33387184
1184596 1396.12007141
1184566 1609.33899879
1184554 1648.54812622
1184522 1385.63489914
1184514 1558.6848259
1184514 1638.44180107
1184503 1411.60702705
1184448 1606.95195198
1184448 1661.97800636
1184448 1673.92587662
1184448 1409.69705582
1184448 1617.07282066
1184448 1648.25391769
1184431 1395.15185356
1184419 1611.51719093
1184406 1634.75584984
1184381 1394.29116249
1184381 1566.45512581
1184366 1683.01391602
1184359 1394.79708672
1184349 1502.8989315
1184349 1614.95900154
1184337 1701.94196701
1184331 1388.76008987
1184331 1601.31406784
1184290 1645.86997032
1184290 1388.96918297
1184274 1592.40198135
1184274 1665.1930809
1184260 1406.08382225
1184260 1542.11997986
1184225 1630.4090023
1184221 1751.3051033
1184194 1417.52386093
1184145 1716.2258625
1184107 1758.63718987
1184107 1490.31686783
1184102 1677.16193199
1184082 1666.53299332
1184082 1452.24380493
1184077 1692.31987
1184077 1716.97402
1184077 1752.40206718
1184077 1434.24797058
1184077 1676.15389824
1184077 1737.07818985
1184029 1391.6990757
1184000 1660.07304192
1183991 1734.61389542
1183953 1473.36483002
1183953 1656.48508072
1183953 1710.00289917
1183953 1756.3958168
1183939 1457.82995224
1183933 1663.09189796
1183912 1711.01498604
1183886 1420.90797424
1183886 1662.78409958
1183886 1723.6430645
1183886 1441.68305397
1183886 1731.89997673
1183886 1722.3880291
1183886 1642.52185822
1183886 1400.17294884
1183848 1614.97187614
1183848 1645.7798481
1183848 1397.48907089
1183848 1596.64583206
1183832 1618.96896362
1183812 1381.7460537
1183812 1575.74892044
1183804 1603.11889648
1183804 1607.45191574
1183800 1392.44794846
1183800 1609.51209068
1183800 1656.90088272
1183800 1378.88002396
1183800 1584.82599258
1183800 1617.46001244
1183792 1383.1050396
1183792 1570.73783875
1183791 1614.98498917
1183791 1660.16292572
1183748 1381.23202324
1183748 1592.81587601
1183748 1592.0650959
1183744 1379.71997261
1183744 1598.45519066
1183744 1635.76316833
1183744 1379.86397743
1183744 1574.27811623
1183744 1610.85391045
1183744 1640.28000832
1183739 1380.69701195
1183731 1599.12085533
1183731 1628.16381454
1183720 1386.22903824
1183702 1594.56014633
1183702 1620.85604668
1183702 1403.95998955
1183662 1650.92802048
1183647 1615.53883553
1183647 1704.09584045
1183621 1486.02604866
1183603 1775.13003349
1183599 1765.27881622
1183599 1465.78788757
1183587 1679.26692963
1183524 1726.7639637
1183524 1434.8859787
1183524 1677.58393288
1183524 1677.0670414
1183524 1725.50415993
1183524 1469.5930481
1183524 1719.81191635
1183524 1742.74802208
1183524 1492.22493172
1183524 1705.93881607
1183524 1758.21208954
1183524 1455.39689064
1183472 1692.72494316
1183472 1695.3868866
1183472 1748.90089035
1183472 1457.30090141
1183440 1633.71706009
1183440 1713.43398094
1183440 1454.30588722
1183426 1674.41916466
1183426 1718.29915047
1183426 1463.75083923
1183426 1701.98011398
1183426 1716.73607826
1183426 1760.8499527
1183426 1457.95202255
1183400 1751.76310539
1183397 1838.17505836
1183397 1460.28804779
1183321 1616.79887772
1183321 1733.96396637
1183310 1448.41217995
1183277 1663.59496117
1183277 1697.28088379
1183270 1741.3611412
1183259 1434.40198898
1183259 1683.33506584
1183227 1728.49202156
1183153 1447.13401794
1183108 1724.53904152
1183108 1782.42683411
1183108 1493.83497238
1183108 1689.06593323
1183044 1771.42190933
1183039 1504.9469471
1183024 1616.97912216
1183024 1763.03696632
1183018 1793.93196106
1183018 1508.83293152
1183010 1763.61894608
1182979 1804.62098122
1182954 1506.75797462
1182954 1734.6560955
1182916 1767.42315292
1182916 1489.77518082
1182904 1655.3580761
1182904 1771.97885513
1182904 1848.95300865
1182904 1435.63508987
1182904 1740.10705948
1182904 1786.81588173
1182902 1492.42997169
1182891 1717.54813194
1182880 1759.60087776
1182880 1489.84599113
1182880 1695.15395164
1182879 1738.88993263
1182840 1820.65606117
1182840 1486.51885986
1182818 1742.4788475
1182818 1770.89595795
1182805 1442.37089157
1182775 1727.66494751
1182775 1763.12398911
1182775 1496.26111984
1182735 1708.69112015
1182710 1756.38508797
1182710 1786.47208214
1182710 1490.35906792
1182710 1740.63491821
1182710 1772.12309837
1182708 1491.14394188
1182708 1731.16993904
1182686 1762.72392273
1182686 1438.80915642
1182686 1714.6499157
1182675 1765.96498489
1182675 1791.99194908
1182590 1490.51904678
1182556 1749.07803535
1182540 1778.09214592
1182518 1489.74299431
1182518 1712.43906021
1182463 1747.76101112
1182453 1478.46698761
1182417 1684.88907814
1182417 1731.94003105
1182395 1727.11610794
1182395 1497.44105339
1182395 1715.37899971
1182341 1802.49118805
1182341 1518.24188232
1182325 1726.00197792
1182325 1769.46592331
1182289 1480.25894165
1182270 1703.99093628
1182270 1742.57707596
1182212 1781.48794174
1182138 1485.94617844
1182122 1727.23793983
1182093 1729.804039
1182093 1482.96689987
1182093 1737.20908165
1182093 1780.26509285
1182093 1500.00715256
1182031 1725.67820549
1182031 1761.86990738
1182031 1780.85398674
1182022 1489.18485641
1182008 1731.15301132
1181942 1783.0619812
1181918 1632.29799271
1181918 1888.47899437
1181918 1702.47411728
1181892 1506.25610352
1181872 1708.68396759
1181830 1728.94096375
1181805 1758.22114944
1181805 1485.89801788
1181758 1723.20199013
1181747 1773.12111855
1181732 1500.81181526
1181732 1719.8278904
1181718 1749.88985062
1181706 1475.04496574
1181706 1701.51400566
1181685 1690.40799141
1181685 1790.45987129
1181685 1496.49882317
1181666 1738.51680756
1181666 1768.10503006
1181666 1483.74605179
1181656 1730.71312904
1181620 1756.58392906
1181620 1487.09607124
1181609 2063.61413002
1181609 2037.19687462
1181578 2034.48700905
1181550 1671.37885094
1181495 1957.3469162
1181492 1991.98412895
1181492 1630.04302979
1181492 1733.10184479
1181488 1768.62502098
1181488 1492.87009239
1181488 1713.86909485
1181488 1747.79391289
1181467 1787.65392303
1181443 1504.51111794
1181425 1768.28694344
1181422 1776.82995796
1181422 1473.75583649
1181422 1676.9258976
1181412 1753.64089012
1181408 1499.78208542
1181408 1706.90584183
1181408 1757.90405273
1181408 1786.11493111
1181408 1476.42683983
1181405 1730.60703278
1181334 1726.27305984
1181334 1453.39798927
1181334 1628.44705582
1181334 1710.53695679
1181331 1403.54704857
1181331 1564.60404396
1181331 1644.65498924
1181288 1408.99395943
1181288 1530.97105026
1181270 1697.00503349
1181259 1682.68299103
1181259 1460.80613136
1181247 1630.20300865
1181247 1677.63113976
1181239 1432.63196945
1181205 1624.02105331
1181205 1654.56700325
1181205 1409.1758728
1181171 1556.22792244
1181168 1635.52808762
1181151 1683.47597122
1181151 1376.10912323
1181151 1647.72796631
1181109 1679.81100082
1181109 1408.71810913
1181088 1616.33205414
1181087 1666.57114029
1181087 1406.21900558
1181087 1613.05904388
1181049 1650.17700195
1181049 1694.89717484
1181049 1403.96690369
1181032 1630.97906113
1181016 1658.12206268
1180953 1366.87397957
1180947 1572.20101357
1180937 1627.97307968
1180908 1377.55393982
1180883 1566.20502472
1180850 1605.45516014
1180832 1631.34288788
1180829 1381.41894341
1180783 1602.26988792
1180783 1617.61593819
1180758 1376.8889904
1180711 1576.71499252
1180705 1604.29596901
1180705 1333.5878849
1180676 1580.59310913
1180660 1603.39999199
1180660 1678.46798897
1180660 1400.45905113
1180660 1593.92690659
1180660 1622.58696556
1180660 1392.45700836
1180639 1577.70800591
1180639 1618.51596832
1180639 1395.7760334
1180594 1596.45390511
