241 1.75595283508
241 0.0641345977783
232 1.18613243103
200 1.12295150757
190 1.27601623535
176 1.1739730835
176 1.15704536438
164 0.0531673431396
164 0.0698566436768
164 0.0588893890381
164 0.0588893890381
164 1.34706497192
155 1.16801261902
155 0.0669956207275
155 0.0739097595215
155 0.0660419464111
155 1.37996673584
155 0.0669956207275
145 1.1830329895
145 0.0660419464111
145 0.0731945037842
145 0.0650882720947
145 1.29699707031
145 0.0679492950439
140 1.16586685181
140 0.0448226928711
140 0.0619888305664
140 1.1899471283
120 1.24406814575
120 0.0708103179932
120 0.0729560852051
120 1.71709060669
120 1.28793716431
105 1.17492675781
105 0.053882598877
105 0.0770092010498
105 0.0672340393066
105 0.0598430633545
102 1.37400627136
84 0.999927520752
84 0.0388622283936
84 1.00803375244
84 0.0588893890381
84 0.06103515625
84 0.0591278076172
84 0.0541210174561
84 0.03981590271
84 0.0600814819336
84 1.16300582886
82 0.96607208252
82 0.0569820404053
82 0.0607967376709
82 0.053882598877
82 0.0600814819336
71 1.05690956116
64 1.03998184204
64 0.0550746917725
64 0.0591278076172
64 0.0591278076172
64 0.0541210174561
64 0.0598430633545
64 0.0569820404053
64 0.0548362731934
64 0.0369548797607
64 0.0360012054443
64 0.0598430633545
64 0.0410079956055
64 0.0560283660889
64 0.0569820404053
64 0.0541210174561
64 0.0391006469727
64 0.0569820404053
64 0.0560283660889
64 0.0641345977783
64 0.0488758087158
56 1.13606452942
56 0.0519752502441
56 0.0488758087158
56 0.0510215759277
56 0.0500679016113
56 0.0507831573486
56 0.0519752502441
56 0.0460147857666
56 0.0510215759277
56 0.0340938568115
56 0.0460147857666
56 0.0541210174561
56 0.0488758087158
56 0.0510215759277
56 0.0479221343994
56 0.0529289245605
56 0.0479221343994
56 0.0488758087158
56 0.104904174805
56 0.0500679016113
56 0.0519752502441
56 0.0391006469727
56 0.0510215759277
56 0.0481605529785
56 0.0350475311279
56 0.0491142272949
56 0.0338554382324
56 0.0331401824951
56 0.0500679016113
56 0.0488758087158
56 0.0340938568115
52 1.2800693512
52 0.0340938568115
52 0.0522136688232
52 0.0331401824951
48 0.976085662842
48 0.0519752502441
48 0.0550746917725
48 0.0331401824951
48 0.046968460083
48 0.0450611114502
48 0.0498294830322
48 0.0450611114502
48 0.0479221343994
48 0.0510215759277
48 0.0481605529785
48 0.0360012054443
48 0.0529289245605
48 0.0491142272949
48 0.0481605529785
48 0.0510215759277
47 1.03306770325
47 0.0498294830322
47 0.0460147857666
47 0.0300407409668
47 0.0419616699219
47 0.046968460083
47 0.0419616699219
47 0.0309944152832
47 0.0300407409668
47 0.0460147857666
47 0.0460147857666
47 0.0438690185547
47 0.0319480895996
47 0.0441074371338
47 0.0438690185547
47 0.0431537628174
47 0.0450611114502
47 0.0298023223877
47 0.0441074371338
47 0.0460147857666
42 0.988960266113
42 0.0460147857666
42 0.046968460083
42 0.046968460083
42 0.0479221343994
42 0.0450611114502
40 0.826835632324
40 0.0429153442383
40 0.0491142272949
39 0.795125961304
39 0.046968460083
39 0.0491142272949
39 0.0410079956055
39 0.0429153442383
39 0.0479221343994
39 0.0460147857666
39 0.0450611114502
39 0.0460147857666
39 0.0481605529785
39 0.0431537628174
39 0.0309944152832
39 0.0448226928711
39 0.0309944152832
39 0.0419616699219
39 0.0400543212891
39 0.0479221343994
39 0.0481605529785
39 0.0309944152832
39 0.0429153442383
39 0.0429153442383
39 0.0491142272949
39 0.0429153442383
39 0.0410079956055
39 0.0448226928711
39 0.0441074371338
39 0.0410079956055
39 0.0431537628174
39 0.046968460083
39 0.03981590271
39 0.0479221343994
39 0.0457763671875
39 0.0519752502441
39 0.0309944152832
39 0.0450611114502
39 0.0448226928711
39 0.046968460083
39 0.0488758087158
39 0.0491142272949
39 0.0481605529785
39 0.0438690185547
36 1.2469291687
36 0.0419616699219
36 0.0419616699219
36 0.0379085540771
36 0.0410079956055
36 0.0400543212891
36 0.0410079956055
36 0.0400543212891
36 0.0391006469727
36 0.0410079956055
36 0.0419616699219
36 0.0450611114502
36 0.0391006469727
36 0.0429153442383
36 0.0410079956055
36 0.0410079956055
36 0.0388622283936
36 0.883817672729
36 0.0429153442383
36 0.086784362793
36 0.0391006469727
36 0.0278949737549
36 0.042200088501
36 0.0388622283936
36 0.0391006469727
33 0.756025314331
33 0.028133392334
33 0.0400543212891
33 0.0391006469727
33 0.0391006469727
31 0.738859176636
31 0.0400543212891
31 0.0410079956055
31 0.0410079956055
31 0.0419616699219
31 0.0379085540771
31 0.0410079956055
31 0.0410079956055
31 0.0278949737549
31 0.0391006469727
31 0.075101852417
31 0.0460147857666
31 0.808000564575
31 0.0371932983398
31 0.0410079956055
31 0.709056854248
31 0.688791275024
31 0.0429153442383
31 0.0400543212891
31 0.0388622283936
31 0.0400543212891
31 0.0391006469727
31 0.0388622283936
31 0.0419616699219
31 0.0410079956055
31 0.787973403931
31 0.0379085540771
31 0.0350475311279
31 0.0369548797607
31 0.0369548797607
31 0.0369548797607
31 0.0381469726562
31 0.0360012054443
31 0.0350475311279
31 0.0369548797607
31 0.0379085540771
31 0.0300407409668
31 0.032901763916
31 0.0360012054443
31 0.751972198486
31 0.0250339508057
31 0.0259876251221
31 0.0250339508057
31 0.032901763916
31 0.0259876251221
31 0.0350475311279
31 0.0360012054443
31 0.0369548797607
31 0.0350475311279
31 0.0338554382324
31 0.0829696655273
29 0.0300407409668
29 0.741958618164
29 0.0369548797607
29 0.0388622283936
29 0.0360012054443
25 0.658988952637
25 0.0250339508057
25 0.0379085540771
25 0.0371932983398
25 0.0369548797607
25 0.0350475311279
25 0.0360012054443
25 0.685930252075
25 0.0369548797607
25 0.0379085540771
25 0.0350475311279
25 0.0379085540771
25 0.0400543212891
25 0.0360012054443
25 0.0250339508057
25 0.0369548797607
25 0.0360012054443
25 0.0360012054443
25 0.0369548797607
25 0.0360012054443
25 0.0259876251221
25 0.0369548797607
25 0.0360012054443
25 0.0381469726562
25 0.0360012054443
25 0.0350475311279
25 0.0259876251221
24 0.807046890259
24 0.0247955322266
24 0.0391006469727
24 0.0360012054443
24 0.0340938568115
24 0.0350475311279
24 0.0250339508057
24 0.0379085540771
24 0.0360012054443
24 0.0369548797607
24 0.0379085540771
24 0.0419616699219
24 0.0400543212891
24 0.0360012054443
24 0.0369548797607
24 0.0381469726562
24 0.0350475311279
24 0.032901763916
24 0.032901763916
24 0.0350475311279
24 0.0338554382324
24 0.0369548797607
24 0.0309944152832
24 0.0350475311279
24 0.0350475311279
24 0.0350475311279
24 0.032901763916
24 0.0238418579102
24 0.0340938568115
24 0.0340938568115
24 0.0348091125488
24 0.0319480895996
24 0.0391006469727
24 0.032901763916
24 0.0338554382324
24 0.0319480895996
24 0.0309944152832
24 0.0238418579102
24 0.0350475311279
24 0.0350475311279
24 0.0360012054443
24 0.0340938568115
24 0.032901763916
24 0.0350475311279
24 0.0360012054443
24 0.0360012054443
23 1.00302696228
23 0.0348091125488
23 0.0350475311279
23 0.0319480895996
23 0.0238418579102
23 0.0309944152832
23 0.032901763916
23 0.032901763916
23 0.032901763916
23 0.032901763916
23 0.0309944152832
23 0.0350475311279
23 0.0250339508057
23 0.0350475311279
23 0.032901763916
23 0.032901763916
23 0.0331401824951
23 0.0309944152832
23 0.0331401824951
23 0.0331401824951
23 0.0331401824951
23 0.0360012054443
23 0.0350475311279
23 0.0348091125488
23 0.032901763916
23 0.0350475311279
23 0.0309944152832
23 0.0331401824951
23 0.032901763916
23 0.032901763916
23 0.0348091125488
23 0.0319480895996
23 0.0271797180176
23 0.0350475311279
23 0.0348091125488
23 0.0319480895996
23 0.0309944152832
23 0.0340938568115
23 0.0350475311279
23 0.0350475311279
23 0.0748634338379
23 0.0240802764893
23 0.0350475311279
23 0.0350475311279
23 0.0269412994385
23 0.032901763916
23 0.0238418579102
23 0.0331401824951
23 0.0350475311279
23 0.0340938568115
23 0.0338554382324
23 0.0350475311279
23 0.0360012054443
23 0.0331401824951
23 0.0331401824951
23 0.0348091125488
23 0.0350475311279
23 0.0250339508057
23 0.0391006469727
23 0.0338554382324
23 0.0340938568115
23 0.0340938568115
23 0.0240802764893
23 0.032901763916
23 0.0340938568115
23 0.0331401824951
23 0.0319480895996
23 0.0360012054443
23 0.0350475311279
23 0.0360012054443
23 0.0348091125488
23 0.032901763916
23 0.0350475311279
23 0.0350475311279
23 0.0369548797607
23 0.0250339508057
23 0.0331401824951
23 0.0319480895996
23 0.0338554382324
23 0.0340938568115
23 0.0820159912109
23 0.0238418579102
23 0.0321865081787
23 0.0219345092773
23 0.032901763916
23 0.0319480895996
23 0.0350475311279
23 0.0321865081787
23 0.0321865081787
23 0.0319480895996
23 0.0231266021729
23 0.0321865081787
23 0.0340938568115
23 0.0319480895996
23 0.0319480895996
23 0.0209808349609
23 0.0319480895996
23 0.0340938568115
23 0.0228881835938
23 0.0300407409668
23 0.0340938568115
23 0.0319480895996
23 0.032901763916
23 0.0319480895996
23 0.0319480895996
23 0.0309944152832
23 0.0309944152832
23 0.0319480895996
23 0.0321865081787
23 0.0340938568115
23 0.0309944152832
23 0.0238418579102
23 0.0338554382324
23 0.0340938568115
23 0.0309944152832
23 0.0338554382324
23 0.0319480895996
23 0.0340938568115
23 0.0309944152832
23 0.0321865081787
23 0.0309944152832
23 0.0321865081787
23 0.0321865081787
23 0.0338554382324
23 0.0319480895996
23 0.0319480895996
23 0.0240802764893
23 0.032901763916
23 0.0300407409668
23 0.0338554382324
23 0.0321865081787
23 0.0240802764893
23 0.0319480895996
23 0.0300407409668
23 0.0429153442383
23 0.0240802764893
23 0.0340938568115
23 0.0319480895996
23 0.0319480895996
23 0.0309944152832
23 0.0228881835938
23 0.032901763916
22 1.64008140564
22 0.0331401824951
22 0.0350475311279
22 0.0331401824951
22 0.0300407409668
22 0.0319480895996
22 0.0350475311279
22 0.0309944152832
22 0.0300407409668
22 0.0331401824951
22 0.0309944152832
22 0.0240802764893
22 0.0219345092773
22 0.0319480895996
22 0.0309944152832
22 0.0331401824951
22 0.0319480895996
22 0.0319480895996
22 0.0309944152832
22 0.0219345092773
22 0.0312328338623
22 0.0331401824951
22 0.0221729278564
22 0.0319480895996
22 0.0319480895996
22 0.0309944152832
22 0.032901763916
22 0.0219345092773
22 0.0319480895996
22 0.0338554382324
22 0.0300407409668
22 0.032901763916
22 0.0340938568115
22 0.0309944152832
21 0.805139541626
21 0.0300407409668
21 0.0250339508057
21 0.0319480895996
21 0.0319480895996
21 0.0298023223877
21 0.0300407409668
21 0.0300407409668
21 0.0300407409668
21 0.0288486480713
21 0.0300407409668
21 0.0340938568115
21 0.0209808349609
21 0.0309944152832
21 0.0309944152832
21 0.0309944152832
21 0.0300407409668
21 0.0200271606445
21 0.0288486480713
21 0.0290870666504
21 0.0290870666504
21 0.032901763916
21 0.0290870666504
21 0.0209808349609
21 0.0288486480713
21 0.0290870666504
21 0.0319480895996
21 0.0300407409668
21 0.0278949737549
21 0.0219345092773
21 0.0300407409668
21 0.0300407409668
21 0.0228881835938
21 0.0290870666504
21 0.0309944152832
21 0.0290870666504
21 0.0309944152832
21 0.0309944152832
21 0.0309944152832
21 0.0309944152832
21 0.0300407409668
21 0.0278949737549
21 0.028133392334
21 0.0290870666504
21 0.0350475311279
21 0.0288486480713
21 0.0300407409668
21 0.0290870666504
21 0.0288486480713
21 0.0309944152832
21 0.0300407409668
21 0.0290870666504
21 0.0209808349609
21 0.0338554382324
21 0.0288486480713
21 0.0209808349609
21 0.0319480895996
21 0.0309944152832
21 0.0319480895996
21 0.0309944152832
21 0.0209808349609
21 0.0300407409668
21 0.02121925354
21 0.0290870666504
21 0.0300407409668
21 0.0290870666504
21 0.0190734863281
21 0.0309944152832
21 0.0319480895996
21 0.0278949737549
21 0.0309944152832
21 0.0331401824951
21 0.0278949737549
21 0.0331401824951
20 1.05214118958
20 0.0290870666504
20 0.0331401824951
20 0.0278949737549
20 0.028133392334
19 0.505924224854
19 0.0209808349609
19 0.0340938568115
19 0.0300407409668
19 0.0300407409668
19 0.0309944152832
19 0.0200271606445
19 0.0300407409668
19 0.0269412994385
19 0.0269412994385
19 0.0290870666504
19 0.0309944152832
19 0.0288486480713
19 0.0290870666504
19 0.0288486480713
19 0.0298023223877
19 0.0290870666504
19 0.0278949737549
19 0.028133392334
19 0.0298023223877
19 0.0278949737549
19 0.0340938568115
19 0.0209808349609
19 0.0300407409668
19 0.0319480895996
19 0.0209808349609
19 0.028133392334
19 0.0309944152832
18 0.687122344971
18 0.0209808349609
18 0.49614906311
18 0.0290870666504
18 0.0319480895996
18 0.0300407409668
18 0.0278949737549
18 0.0300407409668
18 0.0748634338379
18 0.0290870666504
18 0.0278949737549
18 0.0259876251221
17 0.514984130859
17 0.0278949737549
17 0.032901763916
17 0.0269412994385
17 0.0269412994385
17 0.0271797180176
17 0.0278949737549
17 0.0278949737549
17 0.0269412994385
17 0.0200271606445
17 0.0278949737549
17 0.028133392334
17 0.018835067749
17 0.0300407409668
17 0.0269412994385
17 0.0259876251221
17 0.028133392334
17 0.0269412994385
17 0.028133392334
17 0.0271797180176
17 0.0290870666504
17 0.0300407409668
17 0.0290870666504
17 0.0278949737549
17 0.0278949737549
17 0.0269412994385
17 0.0278949737549
17 0.0278949737549
17 0.0290870666504
17 0.0290870666504
17 0.0278949737549
17 0.0290870666504
17 0.0290870666504
17 0.028133392334
17 0.0278949737549
17 0.0271797180176
17 0.0290870666504
17 0.0278949737549
17 0.0271797180176
17 0.0269412994385
16 0.72979927063
16 0.028133392334
16 0.0300407409668
16 0.0250339508057
16 0.0190734863281
16 0.0269412994385
16 0.018835067749
16 0.0190734863281
16 0.0269412994385
16 0.0269412994385
16 0.0269412994385
16 0.0312328338623
16 0.0200271606445
16 0.530004501343
16 0.0278949737549
16 0.0209808349609
16 0.0259876251221
16 0.0259876251221
16 0.0250339508057
16 0.0259876251221
16 0.0259876251221
16 0.0197887420654
16 0.0269412994385
16 0.0269412994385
16 0.0209808349609
16 0.0269412994385
16 0.0290870666504
16 0.0250339508057
16 0.0269412994385
16 0.0269412994385
16 0.0269412994385
16 0.0259876251221
16 0.0200271606445
16 0.018835067749
16 0.0319480895996
16 0.0269412994385
16 0.0271797180176
16 0.0200271606445
16 0.0288486480713
16 0.0278949737549
16 0.0271797180176
16 0.0269412994385
16 0.0269412994385
16 0.0250339508057
16 0.0250339508057
16 0.0269412994385
16 0.655174255371
16 0.0259876251221
16 0.0288486480713
16 0.0259876251221
16 0.0278949737549
16 0.0269412994385
16 0.0250339508057
16 0.0269412994385
16 0.0269412994385
16 0.0269412994385
16 0.0271797180176
16 0.0209808349609
16 0.0269412994385
16 0.0269412994385
16 0.018835067749
16 0.0290870666504
16 0.0200271606445
16 0.0250339508057
16 0.0269412994385
16 0.028133392334
16 0.028133392334
16 0.0209808349609
16 0.0259876251221
16 0.0288486480713
16 0.0269412994385
16 0.0200271606445
16 0.0271797180176
16 0.0200271606445
16 0.0259876251221
16 0.0290870666504
16 0.0209808349609
16 0.0178813934326
16 0.0240802764893
16 0.0231266021729
16 0.0250339508057
16 0.0269412994385
16 0.0250339508057
16 0.0240802764893
16 0.0240802764893
16 0.0190734863281
16 0.0240802764893
16 0.0250339508057
16 0.0250339508057
16 0.0247955322266
16 0.0269412994385
16 0.0178813934326
16 0.0259876251221
16 0.0238418579102
16 0.0250339508057
16 0.0181198120117
16 0.0181198120117
16 0.0178813934326
16 0.0250339508057
16 0.0250339508057
16 0.0259876251221
16 0.0250339508057
16 0.0271797180176
16 0.0250339508057
16 0.0259876251221
16 0.0259876251221
16 0.0259876251221
16 0.0228881835938
16 0.0259876251221
16 0.0259876251221
16 0.0250339508057
16 0.0250339508057
16 0.0181198120117
16 0.0250339508057
16 0.0259876251221
16 0.0271797180176
16 0.018835067749
16 0.0259876251221
16 0.0231266021729
16 0.0219345092773
16 0.0269412994385
16 0.0250339508057
16 0.0250339508057
16 0.0240802764893
16 0.0250339508057
16 0.0250339508057
16 0.0259876251221
16 0.0228881835938
16 0.0259876251221
16 0.0190734863281
16 0.0259876251221
16 0.0619888305664
16 0.0247955322266
16 0.0250339508057
16 0.0250339508057
16 0.0228881835938
16 0.0178813934326
16 0.0178813934326
16 0.0269412994385
16 0.0259876251221
16 0.0278949737549
16 0.0250339508057
16 0.0250339508057
16 0.0238418579102
16 0.0190734863281
16 0.0181198120117
16 0.0250339508057
16 0.985860824585
16 0.0250339508057
16 0.0259876251221
16 0.0240802764893
16 0.0250339508057
16 0.0250339508057
16 0.0238418579102
16 0.0238418579102
16 0.0250339508057
16 0.0250339508057
16 0.0259876251221
16 0.0269412994385
16 0.0250339508057
16 0.0250339508057
16 0.0181198120117
16 0.0169277191162
16 0.0259876251221
16 0.0259876251221
16 0.507831573486
16 0.0178813934326
16 0.0259876251221
16 0.0278949737549
16 0.0250339508057
16 0.0240802764893
16 0.0250339508057
16 0.0231266021729
16 0.0259876251221
16 0.0228881835938
16 0.0250339508057
16 0.0259876251221
16 0.0259876251221
16 0.0250339508057
16 0.0250339508057
16 0.0259876251221
16 0.0250339508057
16 0.0250339508057
16 0.0178813934326
16 0.0240802764893
16 0.0240802764893
16 0.0269412994385
16 0.0169277191162
16 0.0238418579102
16 0.0181198120117
16 0.0238418579102
16 0.0247955322266
16 0.0240802764893
16 0.0240802764893
16 0.0231266021729
16 0.0238418579102
16 0.0259876251221
16 0.0269412994385
16 0.0221729278564
16 0.0178813934326
16 0.0250339508057
16 0.0240802764893
16 0.0178813934326
16 0.0240802764893
16 0.0181198120117
16 0.634908676147
16 0.0238418579102
16 0.0269412994385
16 0.0240802764893
16 0.0238418579102
16 0.0238418579102
16 0.0259876251221
16 0.0240802764893
16 0.0710487365723
16 0.0300407409668
16 0.0221729278564
16 0.0238418579102
16 0.0209808349609
16 0.0231266021729
16 0.0231266021729
16 0.0228881835938
16 0.0228881835938
16 0.0219345092773
16 0.0221729278564
16 0.0219345092773
16 0.0240802764893
16 0.0250339508057
16 0.0228881835938
16 0.0240802764893
16 0.0240802764893
16 0.0209808349609
16 0.0231266021729
16 0.0231266021729
16 0.0240802764893
16 0.0219345092773
16 0.0219345092773
16 0.0219345092773
16 0.0247955322266
16 0.0219345092773
16 0.0171661376953
16 0.0209808349609
16 0.0159740447998
16 0.0228881835938
16 0.018835067749
16 0.0221729278564
16 0.0209808349609
16 0.581979751587
16 0.0231266021729
16 0.0240802764893
16 0.0200271606445
16 0.0209808349609
16 0.0219345092773
16 0.0219345092773
15 0.38480758667
15 0.0219345092773
15 0.0247955322266
15 0.0219345092773
15 0.0231266021729
15 0.0231266021729
15 0.0219345092773
15 0.02121925354
15 0.0219345092773
15 0.0231266021729
15 0.0219345092773
15 0.0238418579102
15 0.0221729278564
15 0.0159740447998
15 0.0221729278564
15 0.0228881835938
15 0.0219345092773
15 0.0228881835938
15 0.0228881835938
15 0.0219345092773
15 0.0221729278564
15 0.0228881835938
15 0.0228881835938
15 0.0169277191162
15 0.0219345092773
15 0.0240802764893
15 0.0228881835938
15 0.0219345092773
15 0.0238418579102
15 0.0231266021729
15 0.0228881835938
15 0.0231266021729
15 0.0250339508057
15 0.0219345092773
15 0.0231266021729
15 0.0159740447998
15 0.0231266021729
15 0.0240802764893
15 0.0231266021729
15 0.0219345092773
15 0.0221729278564
15 0.0219345092773
15 0.0228881835938
15 0.0219345092773
15 0.0250339508057
15 0.0231266021729
15 0.0231266021729
15 0.0219345092773
15 0.0219345092773
15 0.0231266021729
15 0.0231266021729
15 0.0219345092773
15 0.0219345092773
15 0.0181198120117
15 0.0250339508057
15 0.0221729278564
15 0.0228881835938
15 0.0209808349609
