37433 455.404996872
37330 95.8428382874
37212 95.3359603882
37236 0.0479221343994
37132 95.5309867859
37011 94.9540138245
36883 96.9319343567
36714 95.3412055969
36618 95.9899425507
36523 98.4880924225
36399 94.8460102081
36270 95.1030254364
36176 94.9242115021
36059 97.0311164856
35955 95.4740047455
35853 94.8140621185
35746 94.8600769043
35623 94.7659015656
35487 96.1170196533
35396 95.2911376953
35307 95.4778194427
35219 94.2649841309
35131 93.6131477356
35017 94.4170951843
34896 95.0407981873
34779 96.1530208588
34686 93.7480926514
34599 93.358039856
34509 94.1870212555
34423 94.064950943
34337 96.4651107788
34225 93.4920310974
34084 93.2800769806
33987 95.0469970703
33887 96.0578918457
33799 97.5489616394
33710 92.3070907593
33587 94.0101146698
33499 93.6920642853
33401 92.2839641571
33272 93.6529636383
33159 91.7389392853
33064 94.4018363953
32959 93.9681529999
32882 92.7820205688
32805 92.9691791534
32728 91.796875
32596 94.3961143494
32519 90.8551216125
32443 91.4390087128
32368 93.6801433563
32291 91.3038253784
32216 93.2471752167
32104 90.6851291656
31973 90.9497737885
31899 92.1320915222
31826 97.8779792786
31734 93.9979553223
31661 90.6460285187
31589 90.9712314606
31518 91.8841362
31549 0.0460147857666
31478 90.3542041779
31407 95.4120159149
31338 91.0749435425
31251 90.6920433044
31182 91.2020206451
31113 89.9429321289
31033 92.1812057495
30964 91.5460586548
31011 0.0479221343994
30943 90.5120372772
30861 90.8200740814
30788 89.7059440613
30693 92.3111438751
30625 89.9209976196
30535 92.0288562775
30566 0.0479221343994
30499 90.3170108795
30432 89.2050266266
30440 0.042200088501
30374 90.922832489
30291 88.9890193939
30224 89.8480415344
30159 91.481924057
30052 89.024066925
29967 90.4159545898
30008 0.0472068786621
29943 89.7789001465
29850 88.3941650391
29764 89.3402099609
29700 90.6720161438
29637 89.6902084351
29564 89.4598960876
29501 90.5790328979
29438 88.7999534607
29375 88.5519981384
29309 90.7759666443
29247 88.2859230042
29264 0.0438690185547
29311 0.0259876251221
29232 89.5850658417
29167 88.2019996643
29105 88.6120796204
29043 89.1740322113
29052 0.0419616699219
28986 90.0189876556
29028 0.0410079956055
28966 89.497089386
28904 88.0398750305
28808 87.9111289978
28741 88.5601043701
28754 0.0457763671875
28663 88.4110927582
28591 92.6020145416
28526 88.0460739136
28465 88.0460739136
28378 88.3419513702
28312 87.6078605652
28253 88.7598991394
28195 90.3699398041
28137 87.375164032
28080 88.1609916687
28018 87.1059894562
27961 88.2539749146
27904 87.7921581268
27848 88.8800621033
27778 89.0808105469
27707 89.0400409698
27739 0.0410079956055
27656 87.620973587
27595 87.1338844299
27539 86.473941803
27471 89.4019603729
27416 92.0469760895
27354 87.3739719391
27299 86.9140625
27242 87.0962142944
27188 87.2311592102
27126 86.2970352173
27072 87.1658325195
27019 86.3239765167
26966 86.8501663208
26913 87.2559547424
26860 86.2829685211
26807 87.18085289
26755 86.1940383911
26703 85.5729579926
26641 86.0970020294
26589 85.5219364166
26532 87.9209041595
26470 88.0470275879
26418 88.0579948425
26365 86.0419273376
26314 85.3650569916
26263 88.0441665649
26206 84.9800109863
26143 85.1731300354
26052 86.1630439758
25996 84.7570896149
25920 85.923910141
25852 84.8491191864
25801 86.2519741058
25747 84.8550796509
25795 0.0400543212891
25808 0.028133392334
25738 85.6702327728
25759 0.0419616699219
25773 0.0739097595215
25701 85.9339237213
25646 85.746049881
25594 84.6829414368
25545 84.8071575165
25496 85.4411125183
25447 84.6290588379
25398 85.1531028748
25349 84.3191146851
25293 85.5951309204
25245 84.1219425201
25258 0.0491142272949
25175 84.2909812927
25175 0.0321865081787
25167 85.0920677185
25119 84.3482017517
25054 85.5729579926
25001 83.3740234375
24954 83.5750102997
24907 84.1951370239
24847 84.2671394348
24786 84.9540233612
24739 84.2819213867
24692 83.9219093323
24639 84.0950012207
24591 83.9159488678
24591 0.0278949737549
24591 83.3060741425
24535 83.3671092987
24489 83.0070972443
24424 84.2368602753
24375 83.0478668213
24375 0.0278949737549
24359 82.8161239624
24285 83.7240219116
24224 82.8001499176
24179 82.8640460968
24187 0.0519752502441
24142 83.3990573883
24177 0.0391006469727
24132 82.8359127045
24150 0.046968460083
24199 0.0269412994385
24150 83.7228298187
24106 89.3099308014
24062 82.6179981232
24013 83.2171440125
23948 82.5259685516
23967 0.0450611114502
23999 0.0290870666504
24031 0.0300407409668
24067 0.0288486480713
24017 84.0010643005
24017 0.0350475311279
24017 83.4619998932
23975 84.8410129547
23928 83.2757949829
23977 0.0391006469727
23977 0.0190734863281
23928 83.0099582672
23852 82.2260379791
23852 0.0309944152832
23852 0.0209808349609
23852 82.9250812531
23886 0.0481605529785
23818 82.512140274
23776 85.9730243683
23808 0.0419616699219
23829 0.0309944152832
23843 0.0278949737549
23843 0.0178813934326
23843 0.0221729278564
23843 0.0178813934326
23849 0.0290870666504
23843 82.4680328369
23793 82.6549530029
23810 0.0410079956055
23742 83.7359428406
23742 0.0321865081787
23709 83.1849575043
23632 82.4120044708
23561 86.2607955933
23520 82.3240280151
23479 83.517074585
23432 82.1721553802
23391 82.9720497131
23350 83.1680297852
23292 84.0740203857
23242 83.6589336395
23179 82.5250148773
23128 82.0701122284
23160 0.046968460083
23096 83.1069946289
23117 0.0410079956055
23117 0.0200271606445
23117 82.0660591125
23065 87.522983551
23012 83.2841396332
22972 81.7270278931
22916 83.4808349609
22870 86.1010551453
22870 0.0360012054443
22870 82.9401016235
22870 84.0151309967
22830 82.188129425
22763 81.2408924103
22794 0.0460147857666
22755 82.8330516815
22767 0.0441074371338
22699 81.7809104919
22660 83.4188461304
22618 82.9658508301
22579 81.5351009369
22621 0.0441074371338
22643 0.0269412994385
22692 0.0259876251221
22692 0.0240802764893
22692 0.0190734863281
22627 82.0460319519
22578 81.7220211029
22539 81.3021659851
22500 82.1719169617
22456 83.0979347229
22389 82.4301242828
22426 0.0460147857666
22474 0.0298023223877
22404 80.9059143066
22366 81.6299915314
22411 0.0388622283936
22366 81.7360877991
22293 81.3500881195
22293 0.0290870666504
22293 83.2569599152
22293 0.0360012054443
22293 0.0238418579102
22274 82.0071697235
22236 81.0000896454
22198 81.9280147552
22155 80.6200504303
22107 80.775976181
22069 83.6930274963
22069 0.0290870666504
22099 0.0290870666504
22099 80.8379650116
22138 0.0448226928711
22151 0.0791549682617
22092 80.4958343506
22054 82.1661949158
22061 0.0419616699219
22014 80.8601379395
22016 0.0419616699219
22016 0.0197887420654
22060 0.0240802764893
22060 82.4129581451
22011 82.3080539703
21974 85.7870578766
21984 0.0441074371338
21947 81.3338756561
21960 0.0410079956055
21913 81.4030170441
21876 80.3079605103
21919 0.0388622283936
21869 82.1738243103
21901 0.0391006469727
21848 80.6608200073
21811 82.3619365692
21856 0.0410079956055
21811 80.5561542511
21811 0.0309944152832
21811 81.8121433258
21825 0.0407695770264
21825 81.3229084015
21778 80.7960033417
21802 0.0429153442383
21802 0.0209808349609
21802 0.02121925354
21820 0.0300407409668
21855 0.0250339508057
21843 81.1839103699
21802 81.8998813629
21802 0.0278949737549
21802 80.5780887604
21766 83.2371711731
21730 81.0699462891
21741 0.0419616699219
21697 80.4810523987
21656 80.8210372925
21598 81.6688537598
21562 80.2958011627
21562 0.0350475311279
21561 80.9798240662
21577 0.0438690185547
21577 0.0190734863281
21577 80.6910991669
21606 0.0400543212891
21564 81.8178653717
21510 80.2540779114
21517 0.0450611114502
21517 0.0178813934326
21517 82.6299190521
21456 83.3041667938
21401 85.13712883
21362 86.6980552673
21394 0.0479221343994
21404 0.0309944152832
21404 0.0209808349609
21404 0.0588893890381
21404 82.6041698456
21404 0.0340938568115
21404 83.8940143585
21404 86.8420600891
21443 0.0519752502441
21443 0.0200271606445
21487 0.0290870666504
21425 90.4998779297
21425 0.0288486480713
21425 79.9930095673
21429 0.0488758087158
21373 80.5139541626
21324 80.6579589844
21334 0.0419616699219
21371 0.0269412994385
21331 80.8589458466
21378 0.0391006469727
21304 80.7008743286
21257 80.6908607483
21257 0.0319480895996
21257 0.0200271606445
21257 80.7378292084
21210 81.4290046692
21175 79.7710418701
21140 80.0628662109
21105 81.0799598694
21070 80.4531574249
21035 79.76603508
21035 0.0290870666504
21035 80.5921554565
21035 0.0300407409668
21035 80.0459384918
21054 0.0450611114502
21008 80.4269313812
20954 81.8178653717
20954 0.0309944152832
20934 79.931974411
20887 81.3460350037
20852 79.2198181152
20808 79.7698497772
20814 0.0438690185547
20779 80.384016037
20731 80.2578926086
20679 78.9520740509
20644 79.8761844635
20691 0.0400543212891
20644 79.2520046234
20667 0.0901222229004
20699 0.0269412994385
20654 80.6999206543
20620 79.1630744934
20620 0.0298023223877
20620 0.0200271606445
20620 80.6288719177
20666 0.0369548797607
20620 82.6570987701
20620 79.530954361
20620 0.0288486480713
20634 0.0340938568115
20634 82.2851657867
20600 84.8479270935
20566 82.7569961548
20524 87.6989364624
20549 0.0448226928711
20515 82.8938484192
20481 79.0379047394
20441 80.4789066315
20480 0.0388622283936
20480 0.0190734863281
20495 0.0269412994385
20521 0.0298023223877
20521 0.0200271606445
20527 0.0319480895996
20576 0.0259876251221
20508 79.3039798737
20530 0.0460147857666
20530 0.0219345092773
20530 79.1921615601
20491 81.5899372101
20439 79.5412063599
20404 78.9089202881
20370 79.5960426331
20336 79.7939300537
20286 79.3340206146
20327 0.0510215759277
20285 81.7909240723
20289 0.0460147857666
20255 78.987121582
20255 0.0319480895996
20238 80.2500247955
20287 0.0400543212891
20238 79.4639587402
20192 81.9699764252
20230 0.0488758087158
20173 82.8931331635
20139 81.4828872681
20139 0.0300407409668
20137 79.5650482178
20173 0.0381469726562
20127 79.313993454
20127 79.4680118561
20093 80.4460048676
20093 0.028133392334
20086 78.8240432739
20086 0.0290870666504
20086 80.7409286499
20090 0.0510215759277
20090 79.6129703522
20056 79.0200233459
20077 0.0429153442383
20089 0.0300407409668
20089 0.0209808349609
20089 0.0200271606445
20089 79.5450210571
20111 0.0410079956055
20070 79.7238349915
20037 78.8338184357
20004 80.9028148651
19962 79.2319774628
19929 78.8040161133
19956 0.0410079956055
19956 0.0209808349609
19957 0.0309944152832
19957 0.018835067749
19957 80.423116684
19924 78.5958766937
19967 0.0400543212891
19924 79.2400836945
19924 0.0300407409668
19939 0.0340938568115
19939 82.3659896851
19906 79.0209770203
19868 79.2138576508
19868 0.0300407409668
19872 0.0360012054443
19872 0.0190734863281
19872 79.8079967499
19834 78.88007164
19849 0.0429153442383
19849 0.0200271606445
19849 0.0209808349609
19867 0.0309944152832
19866 78.5989761353
19866 82.2830200195
19827 79.6711444855
19793 80.2910327911
19752 78.6380767822
19759 0.0410079956055
19792 0.0278949737549
19759 79.2059898376
19759 0.0288486480713
19799 0.0298023223877
19759 79.0209770203
19720 80.8110237122
19720 0.0309944152832
19720 0.0178813934326
19720 78.8269042969
19720 0.0290870666504
19720 0.0178813934326
19720 0.0219345092773
19730 0.0321865081787
19725 79.2779922485
19748 0.0410079956055
19716 78.7560939789
19677 78.4990787506
19638 78.9089202881
19654 0.0400543212891
19622 80.5149078369
19590 79.696893692
19558 78.3109664917
19558 0.0319480895996
19526 79.2739391327
19480 79.6029567719
19440 78.2339572906
19397 80.47914505
19362 78.5050392151
19362 0.0278949737549
19362 0.0190734863281
19354 78.3429145813
19380 0.0400543212891
19347 77.8269767761
19391 0.0410079956055
19391 0.0190734863281
19391 78.9740085602
19347 78.2201290131
19315 81.9680690765
19357 0.0460147857666
19376 0.0300407409668
19376 0.0200271606445
19373 83.0361843109
19327 78.4590244293
19292 78.8600444794
19296 0.0441074371338
19264 77.9390335083
19214 78.5558223724
19172 78.5269737244
19140 80.6980133057
19101 78.3498287201
19117 0.0429153442383
19075 79.4179439545
19105 0.0379085540771
19105 0.0200271606445
19089 79.9720287323
19089 0.0309944152832
19089 78.6299705505
19089 77.5849819183
19058 78.1569480896
19103 0.0379085540771
19103 0.0190734863281
19148 0.0290870666504
19148 0.0200271606445
19148 0.0209808349609
19103 79.3960094452
19058 77.6920318604
19027 79.4310569763
18992 78.0339241028
18946 77.5661468506
18946 0.0309944152832
18928 77.9459476471
18889 78.1440734863
18855 77.5620937347
18885 0.0388622283936
18842 77.0111083984
18811 78.2649517059
18780 77.0540237427
18780 0.0300407409668
18780 0.0190734863281
18780 0.0178813934326
18767 79.2248249054
18788 0.0481605529785
18755 76.7300128937
18791 0.0491142272949
18831 0.0269412994385
18831 0.0228881835938
18858 0.0300407409668
18876 0.0340938568115
18876 0.018835067749
18876 0.0169277191162
18876 77.7630805969
18876 0.0300407409668
18876 78.9020061493
18836 77.0568847656
18789 79.9491405487
18797 0.0448226928711
18766 78.6001682281
18735 77.7640342712
18735 0.0331401824951
18709 76.9240856171
18678 77.5680541992
18647 78.2580375671
18673 0.0429153442383
18713 0.0231266021729
18733 0.0288486480713
18684 76.9200325012
18684 78.3650875092
18654 77.1450996399
18605 77.9280662537
18605 0.0309944152832
18605 0.0200271606445
18652 0.0309944152832
18652 0.0200271606445
18652 0.0200271606445
18683 0.0259876251221
18628 77.3022174835
18628 0.0400543212891
18670 0.0371932983398
18664 77.2891044617
18690 0.0438690185547
18648 78.2909393311
18606 77.0919322968
18642 0.0381469726562
18597 77.4431228638
18597 0.0278949737549
18597 77.4049758911
18643 0.0379085540771
18658 0.028133392334
18692 0.0238418579102
18692 0.0169277191162
18646 77.6591300964
18612 77.2907733917
18612 0.0300407409668
18612 77.6278972626
18612 78.3269405365
18569 76.5919685364
18517 77.7390003204
18559 0.0360012054443
18509 76.83801651
18463 78.1111717224
18510 0.0500679016113
18436 77.4202346802
18406 77.7630805969
18406 0.0319480895996
18423 0.0319480895996
18450 0.0259876251221
18450 0.0178813934326
18439 78.6669254303
18392 77.5499343872
18437 0.0391006469727
18437 0.0209808349609
18437 0.0190734863281
18480 0.0278949737549
18503 0.0259876251221
18477 77.4381160736
18493 0.0419616699219
18439 77.8620243073
18467 0.0391006469727
18419 77.0649909973
18441 0.0400543212891
18393 78.0620574951
18400 0.0429153442383
18400 0.0190734863281
18400 78.2511234283
18358 77.565908432
18328 81.9301605225
18329 0.0429153442383
18329 0.0209808349609
18329 0.0619888305664
18368 0.0269412994385
18368 78.3109664917
18327 77.4459838867
18273 85.4749679565
18241 77.4810314178
18197 77.7988433838
18159 78.8249969482
18164 0.046968460083
18213 0.0259876251221
18154 77.4018764496
18111 77.1667957306
18150 0.0431537628174
18104 79.9169540405
18140 0.0369548797607
18104 77.2380828857
18104 89.1590118408
18104 0.032901763916
18104 0.0231266021729
18095 84.3980312347
18125 0.0481605529785
18095 82.4429988861
18095 0.028133392334
18095 0.0219345092773
18132 0.0259876251221
18095 80.4440975189
18135 0.0381469726562
18135 0.0200271606445
18095 79.756975174
18097 0.0438690185547
18097 0.0200271606445
18088 76.8320560455
18058 77.5551795959
18028 76.7619609833
18047 0.0441074371338
18094 0.0269412994385
18094 0.0200271606445
18037 77.0120620728
18037 0.0298023223877
18037 0.0200271606445
18037 77.9700279236
18007 80.8119773865
17973 77.8889656067
17973 0.0319480895996
17973 78.8822174072
17996 0.0438690185547
17965 81.0570716858
18014 0.0388622283936
18014 0.0250339508057
18014 0.018835067749
18046 0.0259876251221
18046 0.018835067749
18062 0.0269412994385
18062 0.0209808349609
18013 94.0270423889
18040 0.0450611114502
18040 0.0209808349609
18082 0.0278949737549
18125 0.0259876251221
18077 85.2749347687
18123 0.0460147857666
18077 85.6161117554
18115 0.0541210174561
18073 83.370923996
18035 83.9171409607
18084 0.0529289245605
18084 0.0200271606445
18033 81.4831256866
18033 0.0288486480713
18033 79.2710781097
17997 79.4539451599
17997 0.0331401824951
17997 0.0228881835938
18036 0.0319480895996
18036 82.3268890381
18062 0.0479221343994
18019 77.465057373
17990 78.6440372467
17955 78.3169269562
17955 0.0340938568115
17955 78.0940055847
17926 77.2850513458
17964 0.0388622283936
17964 0.0190734863281
17964 0.0200271606445
17964 0.0231266021729
17964 0.0190734863281
17964 0.0169277191162
17988 0.0259876251221
17988 0.0200271606445
17988 0.0190734863281
18026 0.028133392334
18026 0.0190734863281
18018 79.6439647675
17980 78.0189037323
17980 0.0319480895996
17995 0.0340938568115
17988 77.3420333862
17988 0.0298023223877
17988 77.6071548462
17944 77.9378414154
17944 0.0309944152832
17944 0.0200271606445
17984 0.0290870666504
17984 0.0221729278564
17984 0.0190734863281
17984 0.0181198120117
17987 0.0309944152832
17987 77.5928497314
17947 78.850030899
17916 77.3570537567
17916 0.0309944152832
17874 76.8699645996
17845 76.6382217407
17845 0.0319480895996
17865 0.0309944152832
17865 80.8229446411
17865 78.8841247559
17833 80.1150798798
17847 0.0560283660889
17895 0.0269412994385
17847 76.9851207733
17847 77.9020786285
17892 0.0360012054443
17840 78.7560939789
17809 76.4877796173
17758 77.7339935303
17758 0.0309944152832
17754 79.5550346375
17754 77.4049758911
17716 77.1222114563
17669 79.2188644409
17630 77.8489112854
17597 76.4601230621
17638 0.0510215759277
17584 79.5269012451
17556 76.8048763275
17556 0.0300407409668
17586 0.028133392334
17586 0.0209808349609
17586 0.0200271606445
17586 0.0200271606445
17590 0.0309944152832
17627 0.0259876251221
17659 0.0250339508057
17659 78.7138938904
17659 0.0410079956055
17681 0.0350475311279
17683 0.0321865081787
17690 0.0290870666504
17690 77.36992836
17690 77.0649909973
17700 0.0400543212891
17663 77.9938697815
17686 0.0369548797607
17686 0.0219345092773
17686 0.018835067749
17686 78.4549713135
17686 0.0340938568115
17686 86.3389968872
17654 78.8381099701
17654 0.0309944152832
17649 77.2430896759
17649 0.0309944152832
17639 75.8888721466
17639 79.0510177612
17639 0.0531673431396
17640 0.0369548797607
17677 0.0269412994385
17671 77.7909755707
17626 76.9441127777
17589 78.0868530273
17605 0.0491142272949
17631 0.0300407409668
17598 78.2709121704
17563 78.145980835
17522 78.6399841309
17522 0.0340938568115
17523 0.0350475311279
17523 0.0200271606445
17523 0.0200271606445
17523 0.0209808349609
17523 0.0181198120117
17530 0.0331401824951
17530 0.0200271606445
17576 0.0290870666504
17576 78.8278579712
17530 79.3650150299
17550 0.0438690185547
17519 77.8651237488
17547 0.0460147857666
17519 80.8799266815
17519 0.0309944152832
17519 0.0200271606445
17564 0.0369548797607
17577 0.0309944152832
17614 0.0271797180176
17614 80.1281929016
17557 77.1269798279
17512 78.2380104065
17512 79.1919231415
17475 77.7721405029
17475 0.0288486480713
17475 0.0221729278564
17475 0.0209808349609
17480 0.0338554382324
17496 0.028133392334
17496 78.2690048218
17515 0.046968460083
17559 0.0269412994385
17585 0.0319480895996
17541 79.7538757324
17506 78.4740447998
17550 0.0381469726562
17506 76.5690803528
17478 84.4781398773
17478 0.0319480895996
17494 0.0379085540771
17494 0.0200271606445
17494 0.0190734863281
17486 78.0851840973
17458 77.7089595795
17483 0.0391006469727
17455 78.88007164
17418 78.4428119659
17390 82.5531482697
17391 0.0560283660889
17391 0.0209808349609
17390 81.5589427948
17438 0.0419616699219
17390 77.0490169525
17361 79.1320800781
17389 0.0648498535156
17422 0.032901763916
17386 80.8699131012
17386 77.9819488525
17386 0.0369548797607
17386 0.0209808349609
17424 0.0340938568115
17433 0.0319480895996
17440 0.0269412994385
17434 78.6039829254
17434 83.9579105377
17396 79.6699523926
17396 80.4259777069
17368 79.6689987183
17368 0.0309944152832
17368 0.0190734863281
17368 0.0181198120117
17404 0.0309944152832
17404 0.0169277191162
17420 0.0808238983154
17432 0.0309944152832
17432 0.0181198120117
17448 0.0250339508057
17428 78.5319805145
17428 0.0288486480713
17428 0.0209808349609
17428 0.0228881835938
17428 0.0181198120117
17420 77.4118900299
17373 79.1680812836
17373 77.3739814758
17345 78.0079364777
17310 79.7369480133
17274 78.5341262817
17286 0.0560283660889
17286 0.0209808349609
17286 0.0200271606445
17273 85.305929184
17246 87.8350734711
17280 0.0739097595215
17246 84.6660137177
17246 0.0350475311279
17250 0.0410079956055
17238 87.4857902527
17252 0.0460147857666
17261 0.0298023223877
17261 82.4811458588
17261 85.0279331207
17219 85.2320194244
17219 0.0288486480713
17219 0.0200271606445
17219 85.9758853912
17226 0.0529289245605
17190 83.8108062744
17163 79.5590877533
17136 77.4321556091
17158 0.0457763671875
17166 0.0300407409668
17206 0.0278949737549
17163 77.5699615479
17190 0.0400543212891
17138 77.6259899139
17138 0.0879764556885
17139 0.0388622283936
17134 78.6309242249
17134 76.92694664
17134 0.0739097595215
17134 78.3700942993
17149 0.0400543212891
17188 0.0269412994385
17233 0.0259876251221
17188 79.6999931335
17188 79.1330337524
17211 0.0581741333008
17170 79.5869827271
17192 0.0519752502441
17192 0.0209808349609
17192 88.0000591278
