8910 43.9212322235
8821 12.0241641998
8709 11.8310451508
8626 11.8160247803
8536 12.099981308
8451 11.7590427399
8465 0.0319480895996
8367 11.6980075836
8291 11.696100235
8207 11.6970539093
8236 0.0348091125488
8142 11.7709636688
8072 11.6868019104
7957 11.6188526154
7873 11.5818977356
7792 12.0720863342
7729 11.7831230164
7659 11.4979743958
7598 11.5020275116
7615 0.0309944152832
7554 11.4629268646
7493 11.5201473236
7434 11.4500522614
7456 0.0290870666504
7398 11.4808082581
7300 11.449098587
7236 11.3620758057
7180 11.7900371552
7193 0.0331401824951
7238 0.028133392334
7160 11.3489627838
7104 11.3761425018
7052 11.3019943237
6997 11.1989974976
6940 11.2011432648
6882 11.1970901489
6815 11.1961364746
6797 0.0200271606445
6747 11.1589431763
6689 11.6610527039
6603 11.3108158112
6550 11.1269950867
6556 0.0350475311279
6492 11.3399028778
6444 10.9910964966
6397 11.0199451447
6397 0.0240802764893
6377 10.9739303589
6318 11.0371112823
6318 0.0209808349609
6318 10.941028595
6273 10.9720230103
6227 11.2020969391
6172 10.8711719513
6173 0.0309944152832
6173 0.0169277191162
6173 10.7889175415
6128 10.9579563141
6084 10.8461380005
6041 10.9119415283
5999 10.7421875
5957 10.843038559
5916 10.7510089874
5846 10.7111930847
5879 0.0381469726562
5838 11.3120079041
5832 10.7300281525
5793 10.6370449066
5754 10.6379985809
5754 0.0209808349609
5801 0.0240802764893
5801 0.0190734863281
5801 10.7510089874
5754 10.6420516968
5714 10.5919837952
5675 10.6499195099
5625 10.6520652771
5587 10.4699134827
5550 10.8668804169
5595 0.0300407409668
5533 10.5137825012
5533 10.556936264
5476 10.7781887054
5440 10.6160640717
5440 0.0231266021729
5417 10.470867157
5422 0.0300407409668
5463 0.0579357147217
5422 10.4870796204
5423 0.0300407409668
5381 10.4739665985
5344 10.4339122772
5309 10.3979110718
5273 10.9379291534
5234 10.3991031647
5199 10.3809833527
5241 0.0331401824951
5191 10.3549957275
5156 10.2798938751
5121 10.4010105133
5121 0.0228881835938
5101 10.3008747101
5058 10.3898048401
5097 0.0300407409668
5139 0.0259876251221
5148 0.0250339508057
5102 10.2591514587
5144 0.0269412994385
5144 0.0178813934326
5144 0.0178813934326
5135 10.3359222412
5085 10.5230808258
5038 10.2739334106
5004 10.2150440216
5006 0.0319480895996
5030 0.0259876251221
5030 0.0169277191162
5030 10.2808475494
4996 10.2379322052
4996 0.0238418579102
4996 0.0169277191162
4996 10.3130340576
4996 10.2219581604
4963 10.2550983429
4930 10.1630687714
4930 0.0240802764893
4955 0.0228881835938
4949 10.5621814728
4949 10.5950832367
4981 0.0381469726562
4932 10.6949806213
4944 0.0321865081787
4944 0.0171661376953
4935 10.2670192719
4897 10.2891921997
4932 0.0278949737549
4932 0.0150203704834
4950 0.0290870666504
4950 0.018835067749
4973 0.0240802764893
4973 10.3161334991
4938 10.2910995483
4980 0.0278949737549
4938 10.2579593658
4900 10.2398395538
4867 10.2360248566
4835 10.1089477539
4803 10.1928710938
4810 0.0300407409668
4779 10.5209350586
4795 0.0340938568115
4744 10.2009773254
4744 0.0240802764893
4744 10.1759433746
4744 0.0209808349609
4784 0.0250339508057
4779 10.1861953735
4730 10.2479457855
4695 10.1342201233
4661 10.1361274719
4625 10.0839138031
4631 0.0331401824951
4631 0.0181198120117
4627 10.1070404053
4627 0.0231266021729
4627 10.2319717407
4587 10.3521347046
4557 10.5710029602
4526 9.97400283813
4496 10.0300312042
4466 9.92012023926
4501 0.0288486480713
4466 9.93490219116
4436 9.83715057373
4407 9.93204116821
4453 0.0278949737549
4453 0.0178813934326
4406 9.90986824036
4377 9.89198684692
4343 9.90104675293
4311 9.96494293213
4311 0.0259876251221
4296 10.2071762085
4268 9.73010063171
4231 9.79280471802
4268 0.0288486480713
4304 0.0231266021729
4304 0.0171661376953
4266 9.81402397156
4277 0.0350475311279
4241 9.77087020874
4213 9.850025177
4185 9.7439289093
4144 9.67001914978
4144 0.0228881835938
4165 0.0250339508057
4174 0.0271797180176
4215 0.0269412994385
4235 0.0250339508057
4234 9.87887382507
4234 0.0219345092773
4234 9.87887382507
4188 10.2679729462
4149 9.99307632446
4122 9.7291469574
4130 0.0298023223877
4130 0.0190734863281
4165 0.0238418579102
4165 9.84191894531
4183 0.0309944152832
4183 0.0190734863281
4183 9.85503196716
4183 10.0438594818
4183 10.2369785309
4148 9.80997085571
4121 9.78517532349
4140 0.0319480895996
4172 0.0278949737549
4172 0.0169277191162
4172 0.0159740447998
4166 9.85789299011
4211 0.0319480895996
4166 9.82284545898
4134 10.0300312042
4141 0.0300407409668
4190 0.0250339508057
4236 0.0240802764893
4257 0.0247955322266
4258 0.0259876251221
4258 0.0200271606445
4258 0.0181198120117
4258 0.0181198120117
4258 0.0169277191162
4186 10.0259780884
4140 9.89103317261
4140 9.8729133606
4134 10.1230144501
4104 9.93704795837
4152 0.0278949737549
4152 0.0171661376953
4152 0.0159740447998
4092 9.87195968628
4108 0.0321865081787
4108 9.87696647644
4081 9.85383987427
4083 0.0319480895996
4130 0.0300407409668
4137 0.0250339508057
4070 9.91797447205
4072 0.0298023223877
4109 0.0240802764893
4072 10.2138519287
4039 10.421037674
4076 0.0319480895996
4030 9.86790657043
4038 0.0309944152832
4051 0.0209808349609
4058 0.0228881835938
4031 9.98210906982
4031 0.0219345092773
4022 9.99808311462
4043 0.0319480895996
4043 0.0178813934326
4043 0.0169277191162
4034 10.0228786469
4002 10.0159645081
4002 0.0228881835938
4011 0.028133392334
4016 0.028133392334
4016 0.0171661376953
4016 0.0200271606445
4057 0.0240802764893
4057 0.0178813934326
4051 10.1089477539
4082 0.028133392334
4041 10.1380348206
4053 0.0319480895996
4056 0.0259876251221
4025 10.1139545441
4035 0.0319480895996
4010 10.1630687714
4010 0.0209808349609
4010 10.3390216827
4010 0.0259876251221
4010 0.0181198120117
4055 0.0259876251221
4040 10.1909637451
3983 10.1671218872
3983 10.0300312042
3958 10.0879669189
3933 10.0190639496
3935 0.0331401824951
3935 0.0169277191162
3983 0.0238418579102
3927 10.1239681244
3927 0.0209808349609
3972 0.0250339508057
3927 10.1099014282
3929 0.0360012054443
3968 0.0228881835938
3929 10.1320743561
3929 0.0259876251221
3929 0.0159740447998
3938 0.0259876251221
3938 0.0178813934326
3938 10.2639198303
3963 0.0331401824951
3976 0.0309944152832
3976 10.4558467865
3976 0.0259876251221
4006 0.0300407409668
4003 10.8988285065
4042 0.0300407409668
4003 10.2398395538
3956 10.2348327637
3956 0.0259876251221
3950 10.2460384369
3915 10.1809501648
3917 0.0309944152832
3917 0.0169277191162
3917 0.0171661376953
3951 0.0240802764893
3960 0.0231266021729
3973 0.0228881835938
3983 0.0250339508057
4007 0.0228881835938
4005 10.3619098663
3971 10.3769302368
3971 0.0219345092773
4014 0.0240802764893
3969 10.3359222412
3969 10.4050636292
3943 10.3340148926
3917 10.5209350586
3962 0.0309944152832
3962 0.0181198120117
3962 0.0159740447998
3962 0.0169277191162
3960 10.3461742401
3998 0.0278949737549
3953 10.3049278259
3915 10.2548599243
3915 0.0228881835938
3915 10.2410316467
3890 10.2789402008
3890 0.0200271606445
3889 10.2319717407
3858 10.213136673
3858 0.0190734863281
3858 0.0169277191162
3858 0.018835067749
3883 0.0238418579102
3872 10.4379653931
3895 0.0290870666504
3869 10.2479457855
3840 10.6511116028
3815 10.4830265045
3851 0.028133392334
3815 10.3230476379
3783 10.3089809418
3783 0.0169277191162
3811 0.0238418579102
3811 0.0178813934326
3811 0.0181198120117
3799 10.3130340576
3806 0.0300407409668
3806 0.0169277191162
3806 0.0159740447998
3809 0.0238418579102
3809 10.2958679199
3781 10.2751255035
3781 0.0231266021729
3791 0.0238418579102
3791 0.0169277191162
3791 0.0169277191162
3791 0.0181198120117
3791 0.0169277191162
3791 0.018835067749
3828 0.0240802764893
3828 0.0169277191162
3871 0.0250339508057
3871 0.0200271606445
3867 10.4119777679
3867 0.0209808349609
3867 10.3969573975
3809 10.3399753571
3754 10.7779502869
3717 10.9732151031
3727 0.0300407409668
3727 0.018835067749
3725 10.3969573975
3772 0.0278949737549
3777 0.0250339508057
3730 10.3180408478
3772 0.028133392334
3730 10.4258060455
3755 0.0300407409668
3721 10.4489326477
3721 0.0228881835938
3721 10.3619098663
3721 0.0209808349609
3721 0.0169277191162
3732 0.0238418579102
3775 0.0228881835938
3775 0.0181198120117
3775 0.0169277191162
3775 0.0169277191162
3775 10.4219913483
3788 0.0300407409668
3803 0.0228881835938
3760 10.3271007538
3731 10.3669166565
3696 10.3108882904
3696 0.0271797180176
3704 0.0331401824951
3698 10.8017921448
3674 10.8489990234
3648 10.2829933167
3620 10.2369785309
3620 0.0240802764893
3620 0.0178813934326
3620 0.0169277191162
3620 0.0171661376953
3652 0.0250339508057
3642 10.281085968
3610 10.2951526642
3610 0.0250339508057
3610 0.0178813934326
3621 0.032901763916
3621 0.0169277191162
3621 10.3921890259
3621 0.0231266021729
3621 0.0169277191162
3635 0.0259876251221
3635 10.3149414062
3609 10.2581977844
3609 0.0219345092773
3609 10.25390625
3634 0.0689029693604
3609 10.2350711823
3609 0.0231266021729
3609 10.6251239777
3609 0.0209808349609
3609 0.0150203704834
3609 10.3189945221
3609 10.2980136871
3609 0.0221729278564
3604 10.3471279144
3604 0.0238418579102
3608 0.0269412994385
3608 10.3788375854
3608 10.3559494019
3585 10.283946991
3603 0.0321865081787
3574 10.3161334991
3551 10.232925415
3551 0.0219345092773
3551 0.0178813934326
3540 10.370016098
3540 0.0200271606445
3539 10.8680725098
3543 0.0319480895996
3521 10.5340480804
3567 0.0278949737549
3569 0.0259876251221
3569 0.0190734863281
3569 10.2779865265
3510 10.2989673615
3510 10.2729797363
3477 10.2128982544
3456 10.2500915527
3456 0.0240802764893
3456 0.0171661376953
3456 0.0169277191162
3450 10.232925415
3450 0.0221729278564
3450 10.2350711823
3450 0.0228881835938
3469 0.0250339508057
3469 0.0181198120117
3469 10.4370117188
3441 10.3311538696
3441 0.0250339508057
3441 0.0197887420654
3462 0.0309944152832
3474 0.0259876251221
3508 0.0250339508057
3508 0.0169277191162
3529 0.0228881835938
3529 0.0169277191162
3538 0.028133392334
3538 0.0181198120117
3538 0.0209808349609
3538 0.0178813934326
3538 0.0169277191162
3538 0.018835067749
3538 10.7939243317
3538 0.0238418579102
3538 10.4150772095
3538 10.2980136871
3504 10.3240013123
3546 0.032901763916
3563 0.0259876251221
3563 0.0178813934326
3572 0.0288486480713
3530 10.3578567505
3530 0.0221729278564
3518 10.370016098
3518 0.0228881835938
3518 0.0159740447998
3518 0.0169277191162
3518 10.5121135712
3493 10.3390216827
3542 0.0278949737549
3555 0.0231266021729
3506 10.4920864105
3482 10.528087616
3482 0.028133392334
3482 0.0221729278564
3531 0.0300407409668
3531 11.0340118408
3482 10.3950500488
3482 10.3750228882
3527 0.0340938568115
3573 0.0259876251221
3573 0.0171661376953
3573 0.0190734863281
3527 10.4298591614
3482 10.7350349426
3461 10.3960037231
3463 0.0309944152832
3463 0.0169277191162
3463 0.0171661376953
3463 0.0159740447998
3463 0.0169277191162
3463 0.0169277191162
3463 10.5111598969
3497 0.0288486480713
3456 10.4389190674
3435 10.3640556335
3458 0.0309944152832
3416 10.6060504913
3416 0.0219345092773
3416 0.0178813934326
3407 10.6868743896
3386 10.458946228
3393 0.0319480895996
3393 0.0169277191162
3393 0.0178813934326
3422 0.0228881835938
3415 10.3430747986
3386 10.4179382324
3404 0.0290870666504
3380 10.3399753571
3380 0.0200271606445
3380 0.0190734863281
3372 10.3378295898
3372 10.370016098
3372 0.0228881835938
3367 10.3302001953
3367 10.2980136871
3367 0.0209808349609
3367 10.4038715363
3367 0.0240802764893
3367 0.0159740447998
3367 10.8780860901
3367 0.0259876251221
3407 0.0269412994385
3407 10.7531547546
3367 10.4179382324
3367 0.0231266021729
3367 0.0159740447998
3367 10.2679729462
3414 0.0278949737549
3414 0.0181198120117
3367 10.3850364685
3335 10.4060173035
3379 0.0300407409668
3327 10.3569030762
3298 10.3101730347
3300 0.0290870666504
3280 10.2910995483
3280 0.0238418579102
3280 0.0181198120117
3286 0.0259876251221
3286 0.0200271606445
3275 10.3890895844
3297 0.0290870666504
3297 0.0178813934326
3297 0.0169277191162
3297 0.0169277191162
3297 10.418176651
3275 10.7328891754
3255 10.3487968445
3255 0.0259876251221
3251 10.2820396423
3256 0.0319480895996
3256 10.3251934052
3236 10.4198455811
3236 0.0219345092773
3229 0.0169277191162
3270 0.0250339508057
3270 0.0190734863281
3270 0.0159740447998
3214 10.3960037231
3194 10.3089809418
3175 10.2849006653
3175 0.0228881835938
3170 10.2069377899
3170 10.2560520172
3174 0.0319480895996
3145 10.9529495239
3145 0.0247955322266
3145 0.0200271606445
3145 10.4811191559
3181 0.028133392334
3181 0.0119209289551
3181 10.4560852051
3184 0.0369548797607
3148 10.4029178619
3152 0.0340938568115
3179 0.0250339508057
3206 0.0219345092773
3206 0.0178813934326
3206 0.0159740447998
3206 0.0159740447998
3206 0.0181198120117
3193 10.4470252991
3163 10.5211734772
3163 0.0238418579102
3156 10.4360580444
3156 0.0228881835938
3151 10.3480815887
3151 10.400056839
3124 10.2961063385
3124 10.5850696564
3101 10.575056076
3082 10.2210044861
3084 0.0259876251221
3084 0.0178813934326
3082 10.3738307953
3082 0.0238418579102
3131 0.0240802764893
3131 0.0121593475342
3082 10.3831291199
3082 10.290145874
3101 0.0300407409668
3068 10.3540420532
3050 10.2500915527
3027 10.2698802948
3064 0.0269412994385
3100 0.0240802764893
3108 0.0231266021729
3108 0.0181198120117
3108 0.0197887420654
3108 0.0178813934326
3136 0.0250339508057
3136 0.0131130218506
3134 10.5311870575
3092 10.8029842377
3056 10.9539031982
3056 0.0228881835938
3060 0.0250339508057
3060 0.0169277191162
3060 0.0159740447998
3060 10.468006134
3032 10.363817215
3065 0.0312328338623
3065 0.0169277191162
3065 10.3249549866
3032 10.370016098
3032 0.0228881835938
3032 0.0209808349609
3021 10.3361606598
2995 10.3361606598
3043 0.0288486480713
3072 0.028133392334
3021 10.3430747986
2988 10.3170871735
2988 0.0228881835938
2989 0.0278949737549
2989 10.4429721832
2999 0.0290870666504
2999 0.0159740447998
2999 0.0200271606445
2991 10.6339454651
2971 10.410785675
2988 0.0300407409668
2988 0.018835067749
2986 10.4849338531
2961 10.2980136871
2961 0.0250339508057
2994 0.0259876251221
2994 0.0169277191162
2994 0.0159740447998
2994 0.0171661376953
2989 10.4379653931
2989 0.028133392334
2981 10.3328227997
2941 10.3199481964
2941 0.0219345092773
2941 10.3859901428
2941 0.0209808349609
2985 0.0259876251221
2985 0.0181198120117
2947 10.3440284729
2947 10.3461742401
2996 0.0278949737549
2947 10.9038352966
2947 10.479927063
2954 0.0300407409668
2954 0.0178813934326
2954 10.3969573975
2954 0.0240802764893
2954 0.0162124633789
2954 10.3571414948
2954 10.3969573975
2985 0.0331401824951
3006 0.0278949737549
3038 0.0221729278564
3038 0.0169277191162
3048 0.0219345092773
3049 0.0250339508057
3057 0.0240802764893
3057 10.586977005
3057 0.0240802764893
3096 0.0250339508057
3096 0.0169277191162
3096 10.6770992279
3096 0.0228881835938
3096 0.0169277191162
3089 10.5421543121
3048 10.5741024017
3048 10.5450153351
3016 10.7002258301
2984 10.7789039612
2984 0.0238418579102
2984 10.5519294739
2963 10.449886322
2969 0.0839233398438
2969 0.0159740447998
2969 0.0169277191162
2965 10.5540752411
2947 10.5240345001
2947 0.0219345092773
2947 10.4389190674
2947 0.0219345092773
2947 0.0498294830322
2947 0.0169277191162
2947 0.0178813934326
2960 0.0219345092773
3006 0.0250339508057
3006 0.0159740447998
3006 0.0178813934326
2960 10.6208324432
2960 0.0228881835938
2960 0.0171661376953
3007 0.0209808349609
3006 10.5521678925
3006 10.5090141296
2959 10.9779834747
2941 10.7860565186
2941 0.0240802764893
2941 0.018835067749
2941 0.0159740447998
2941 0.0197887420654
2941 0.0159740447998
2964 0.0240802764893
2978 0.0250339508057
2974 10.6449127197
2974 0.0200271606445
2974 10.5559825897
2951 10.6108188629
2951 0.0228881835938
2951 0.0150203704834
2951 0.0169277191162
2994 0.0269412994385
2994 0.0169277191162
3029 0.0269412994385
3029 0.0178813934326
3066 0.0228881835938
3099 0.0228881835938
3099 0.0178813934326
3099 0.0171661376953
3096 10.7650756836
3053 10.5788707733
3092 0.0278949737549
3053 10.5619430542
3013 10.5609893799
3061 0.0331401824951
3097 0.0209808349609
3049 10.5819702148
3049 10.6220245361
3049 11.1360549927
3049 10.7338428497
3097 0.0309944152832
3097 0.0178813934326
3049 10.6811523438
3005 10.5710029602
2970 10.8578205109
2970 0.0240802764893
2970 10.5941295624
2937 10.4677677155
2911 10.5381011963
2911 0.0219345092773
2911 0.0169277191162
2911 0.0169277191162
2911 0.0178813934326
2911 0.0178813934326
2911 0.0181198120117
2911 10.6198787689
2911 0.0240802764893
2911 10.4119777679
2941 0.0319480895996
2941 11.1498832703
2957 0.0309944152832
2927 10.5497837067
2906 10.4558467865
2906 0.0231266021729
2906 10.486125946
2906 10.4880332947
2897 10.4410648346
2874 10.498046875
2854 10.4951858521
2854 0.0247955322266
2854 0.0190734863281
2865 0.0250339508057
2865 0.0169277191162
2893 0.0259876251221
2893 0.0169277191162
2893 0.0159740447998
2893 0.0171661376953
2893 0.0178813934326
2887 10.5938911438
2887 0.0240802764893
2887 0.0159740447998
2909 0.0250339508057
2909 0.0159740447998
2909 10.5590820312
2931 0.0319480895996
2903 10.8258724213
2873 10.4639530182
2848 10.5111598969
2861 0.0288486480713
2863 0.0250339508057
2863 0.0159740447998
2863 0.0200271606445
2863 10.6210708618
2863 0.0250339508057
2863 0.0178813934326
2908 0.0250339508057
2863 10.5180740356
2858 10.5309486389
2858 0.0221729278564
2851 10.5051994324
2851 10.6620788574
2877 0.028133392334
2880 0.0250339508057
2854 10.5459690094
2854 0.0259876251221
2854 0.0181198120117
2854 10.6191635132
2854 0.0228881835938
2854 0.0171661376953
2899 0.0259876251221
2853 11.1730098724
2853 0.0250339508057
2853 10.6229782104
2853 10.4949474335
2836 10.4620456696
2836 0.0209808349609
2836 0.0169277191162
2836 0.0169277191162
2836 0.0171661376953
2878 0.0259876251221
2878 0.0169277191162
2879 0.0238418579102
2879 0.0159740447998
2879 0.0159740447998
2872 10.7798576355
2825 10.8909606934
2840 0.0309944152832
2844 0.0269412994385
2844 10.6348991394
2844 10.5311870575
2844 0.0219345092773
2844 0.0169277191162
2843 10.843038559
2826 10.5731487274
2826 0.0228881835938
2853 0.0219345092773
2853 0.0169277191162
2847 11.2760066986
2847 0.0269412994385
2847 0.0181198120117
2847 0.0190734863281
2847 10.7698440552
2847 10.4849338531
2847 0.0221729278564
2847 10.5350017548
2847 10.5521678925
2880 0.0331401824951
2880 10.5690956116
2847 10.5991363525
2820 10.5149745941
2820 0.0238418579102
2817 10.5760097504
2800 10.509967804
2800 0.0219345092773
2814 0.0228881835938
2836 0.0231266021729
2836 0.0181198120117
2836 0.0159740447998
2836 0.0169277191162
2835 11.216878891
2809 10.8821392059
2813 0.0309944152832
2813 0.0190734863281
2813 10.5330944061
2861 0.0269412994385
2813 10.6749534607
2797 10.6000900269
2797 0.0228881835938
2797 0.053882598877
2797 10.5888843536
2826 0.0321865081787
2826 0.0169277191162
2826 0.0169277191162
2826 0.0169277191162
2826 10.7049942017
2795 10.6291770935
2800 0.0340938568115
2800 0.0181198120117
2800 10.7760429382
2800 0.0247955322266
2800 0.0171661376953
2800 0.0169277191162
2800 0.0169277191162
2800 0.0159740447998
2800 0.0181198120117
2800 0.0181198120117
2800 10.7400417328
2812 0.028133392334
2843 0.0259876251221
2843 0.0159740447998
2849 0.0231266021729
2849 0.0190734863281
2849 0.0181198120117
2893 0.0240802764893
2937 0.0240802764893
2937 0.0159740447998
2924 11.3210678101
2880 10.8869075775
2836 10.9078884125
2805 10.7018947601
2819 0.0331401824951
2831 0.0228881835938
2831 0.0159740447998
2831 0.0128746032715
2832 0.0240802764893
2852 0.0219345092773
2852 0.0200271606445
2852 10.794878006
2852 0.0228881835938
2847 0.0159740447998
2847 10.7901096344
2827 10.7069015503
2836 0.0309944152832
2874 0.0269412994385
2905 0.0250339508057
2917 0.0250339508057
2917 0.0131130218506
2917 0.0169277191162
2943 0.0228881835938
2936 10.8659267426
2898 10.8888149261
2865 10.913848877
2886 0.0300407409668
2908 0.0259876251221
2916 0.028133392334
2916 0.0181198120117
2924 0.0240802764893
2924 11.5571022034
2886 11.1939907074
2886 0.0231266021729
2887 0.0278949737549
2897 0.0259876251221
2897 0.0178813934326
2897 0.018835067749
2897 11.225938797
2875 11.0950469971
2914 0.0288486480713
2914 0.0190734863281
2914 0.0197887420654
2914 0.0169277191162
2937 0.0278949737549
2949 0.0231266021729
2949 0.0190734863281
2949 0.0178813934326
2949 0.0181198120117
2949 11.1830234528
