73514 209.050893784
73457 74.9609470367
73431 74.5730400085
73431 88.5059833527
73431 73.0810165405
73406 73.1480121613
73404 80.2910327911
73392 74.5489597321
73392 81.3460350037
73385 74.1460323334
73324 75.1268863678
73307 75.3002166748
73307 84.545135498
73278 82.1139812469
73276 79.7469615936
73270 82.2710990906
73270 79.7319412231
73270 72.9439258575
73215 77.388048172
73209 73.2369422913
73209 78.3281326294
73209 73.3509063721
73209 73.8599300385
73196 77.4970054626
73196 73.1029510498
73119 78.7539482117
73072 73.8728046417
73072 72.4141597748
73028 73.2190608978
73028 79.5998573303
73028 83.7979316711
73028 78.5908699036
73028 87.751865387
73016 78.0899524689
73014 78.1500339508
73009 88.1369113922
72994 74.077129364
72969 80.25598526
72926 74.184179306
72900 74.3300914764
72897 75.6809711456
72880 77.3639678955
72868 92.1411514282
72793 76.3840675354
72793 74.7120380402
72793 72.5769996643
72793 75.5519866943
72724 83.5509300232
72724 78.2170295715
72724 85.6690406799
72698 77.1520137787
72641 79.9100399017
72641 83.1370353699
72616 73.7280845642
72591 78.7990093231
72591 75.6130218506
72576 73.6079216003
72576 76.6129493713
72576 73.707818985
72576 83.5309028625
72569 80.0130367279
72530 85.9591960907
72487 77.8000354767
72483 76.0531425476
72483 79.9088478088
72466 80.6357860565
72466 85.0529670715
72466 79.2989730835
72463 80.5330276489
72463 90.3332233429
72462 72.1008777618
72462 76.4579772949
72435 76.7312049866
72435 79.0619850159
72432 78.1059265137
72432 74.4819641113
72395 76.8320560455
72395 73.5070705414
72384 78.6581039429
72384 73.753118515
72353 72.9570388794
72353 79.7538757324
72311 77.5420665741
72311 85.6099128723
72311 81.4180374146
72282 81.9730758667
72233 81.3000202179
72233 79.864025116
72196 82.8840732574
72160 81.8190574646
72111 89.3821716309
72111 93.7168598175
72058 83.7619304657
72058 87.1460437775
72058 80.717086792
72021 115.923881531
72021 108.453989029
72003 78.3669948578
72003 83.703994751
71985 81.1109542847
71985 86.1902236938
71912 80.4629325867
71896 79.3240070343
71896 78.8209438324
71896 78.1669616699
71862 83.083152771
71821 79.1730880737
71821 90.5759334564
71799 84.1450691223
71780 78.6819458008
71766 85.5491161346
71728 80.7719230652
71711 82.533121109
71711 78.8950920105
71672 78.5238742828
71672 82.9331874847
71666 80.0640583038
71666 83.2312107086
71636 78.5739421844
71636 88.1731510162
71636 79.5769691467
71636 79.4498920441
71636 94.8929786682
71632 79.2920589447
71618 85.410118103
71618 79.0109634399
71604 78.8669586182
71598 82.8738212585
71598 79.7998905182
71533 86.47108078
71489 78.8810253143
71479 80.924987793
71479 80.4460048676
71479 79.5600414276
71479 83.6720466614
71479 82.2439193726
71479 92.1399593353
71469 79.9450874329
71469 83.5430622101
71431 84.8770141602
71431 82.2811126709
71431 88.3519649506
71431 81.5711021423
71430 81.1598300934
71424 82.2968482971
71424 80.7359218597
71412 86.6329669952
71403 81.3570022583
71400 88.9251232147
71399 92.4830436707
71399 81.3939571381
71370 86.2929821014
71370 83.123922348
71370 86.984872818
71370 79.5269012451
71360 78.3360004425
71360 82.1669101715
71348 78.4540176392
71328 84.6979618073
71324 80.5900096893
71298 78.4170627594
71287 84.0079784393
71287 79.8931121826
71283 82.7980041504
71283 79.155921936
71283 85.7670307159
71267 80.4979801178
71255 78.9339542389
71228 83.0101966858
71205 78.2768726349
71191 87.6650810242
71191 88.0029201508
71189 79.5240402222
71184 78.9248943329
71184 80.470085144
71134 98.2360839844
71134 80.4121494293
71112 77.8748989105
71112 81.5839767456
71112 80.6159973145
71104 83.5058689117
71104 79.8308849335
71102 85.8080387115
71102 78.165769577
71095 79.4899463654
71095 82.0970535278
71095 78.8669586182
71095 83.7779045105
71094 76.5409469604
71068 77.0990848541
71009 77.3870944977
71009 80.1160335541
70998 81.2330245972
70998 77.8810977936
70998 84.9139690399
70998 78.8459777832
70962 79.5471668243
70935 81.6400051117
70923 77.8701305389
70889 83.4789276123
70889 78.5479545593
70872 79.540014267
70861 94.0239429474
70837 83.1570625305
70837 83.8649272919
70776 79.1010856628
70776 78.5670280457
70776 79.8950195312
70776 77.330827713
70747 84.8760604858
70747 75.2260684967
70747 80.6579589844
70738 75.4158496857
70738 76.9870281219
70703 81.8819999695
70664 78.8671970367
70664 86.4598751068
70664 78.2740116119
70664 78.9568424225
70664 83.1880569458
70656 82.9780101776
70610 94.3961143494
70610 84.2192173004
70610 93.3578014374
70609 83.3070278168
70599 81.4228057861
70599 81.4669132233
70599 81.169128418
70583 98.4401702881
70583 81.4688205719
70583 80.5990695953
70583 85.5519771576
70583 81.3388824463
70559 86.8330001831
70559 78.9430141449
70559 79.2319774628
70559 79.607963562
70485 80.0919532776
70485 84.007024765
70485 78.9759159088
70485 85.2098464966
70470 79.6291828156
70464 79.5609951019
70460 83.2250118256
70460 79.2670249939
70433 84.3360424042
70413 80.509185791
70363 81.7470550537
70353 80.0268650055
70263 80.7530879974
70263 90.0249481201
70247 80.6000232697
70205 86.9100093842
70188 80.3301334381
70188 81.6061496735
70131 97.4669456482
70113 82.0460319519
70100 88.1569385529
70095 80.9071063995
70095 81.5880298615
70086 83.9149951935
70050 80.6460380554
70050 86.0421657562
70050 80.451965332
70040 80.2001953125
70017 80.353975296
70017 79.5290470123
69979 85.7558250427
69956 81.7110538483
69956 84.6121311188
69955 78.5930156708
69955 79.9880027771
69955 82.8619003296
69909 78.1190395355
69882 87.3930454254
69882 79.3070793152
69804 82.4429988861
69774 81.5148353577
69774 79.7650814056
69747 84.3501091003
69747 78.2110691071
69747 87.1651172638
69726 86.0550403595
69726 76.6310691833
69726 83.6780071259
69726 77.8460502625
69708 85.9639644623
69690 77.8419971466
69690 80.2540779114
69690 84.3119621277
69672 77.6989459991
69650 88.1650447845
69650 76.740026474
69650 78.2351493835
69628 80.2960395813
69628 78.5729885101
69628 82.7391147614
69628 77.9619216919
69578 83.890914917
69578 78.7529945374
69578 78.7110328674
69578 82.2927951813
69578 80.4491043091
69545 86.9929790497
69545 78.794002533
69545 79.8168182373
69545 80.1920890808
69537 81.4778804779
69537 102.741003036
69537 81.2101364136
69529 80.8000564575
69529 80.9369087219
69529 80.1558494568
69526 86.9870185852
69500 81.8378925323
69500 90.341091156
69480 83.0729007721
69480 79.2269706726
69458 88.5078907013
69458 81.0339450836
69458 87.2981548309
69457 80.8439254761
69429 81.6428661346
69417 83.0090045929
69397 80.7290077209
69397 82.6749801636
69388 79.5021057129
69388 85.5188369751
69382 78.7889957428
69382 78.3929824829
69377 81.4681053162
69377 78.989982605
69367 83.9171409607
69330 78.2518386841
69330 81.7129611969
69330 93.3430194855
69323 80.9099674225
69323 87.7950191498
69311 79.8649787903
69311 79.528093338
69279 80.659866333
69270 81.001996994
69270 89.5791053772
69270 78.7708759308
69270 85.7210159302
69270 79.1718959808
69244 79.14686203
69240 84.1190814972
69240 79.6139240265
69240 85.8819484711
69203 79.9629688263
69203 80.0549983978
69201 80.2090167999
69201 80.8801651001
69190 84.0940475464
69184 78.9000988007
69184 86.3220691681
69184 79.2059898376
69180 78.3789157867
69147 83.6207866669
69147 79.9548625946
69147 103.410959244
69144 79.8709392548
69144 79.1778564453
69125 83.7509632111
69109 81.6950798035
69109 86.8320465088
69109 78.3967971802
69070 81.2950134277
69045 81.151008606
69045 82.5860500336
69036 87.9380702972
69033 82.0870399475
69033 88.9239311218
69033 84.1100215912
69033 83.1439495087
69033 87.0418548584
69033 84.5448970795
69033 90.5900001526
69033 85.0069522858
69033 81.8169116974
69033 82.4661254883
69033 79.1931152344
69033 92.1521186829
69021 86.0841274261
69011 94.575881958
68999 84.4140052795
68990 86.7908000946
68972 105.558872223
68972 85.510969162
68972 90.8789634705
68972 85.1240158081
68970 82.6170444489
68962 84.2847824097
68954 86.8539810181
68954 92.3438072205
68954 83.3029747009
68940 84.9859714508
68940 81.2981128693
68940 85.5491161346
68884 92.0119285583
68874 85.5100154877
68867 97.156047821
68831 83.3461284637
68807 85.3009223938
68807 93.2531356812
68807 87.6650810242
68777 95.0689315796
68776 87.4581336975
68763 84.8031044006
68737 88.9141559601
68729 89.1849994659
68707 92.8888320923
68707 85.7498645782
68661 94.358921051
68641 97.1097946167
68641 87.574005127
68629 92.9141044617
68611 85.1180553436
68611 96.6241359711
68611 87.8660678864
68611 87.0831012726
68596 91.7329788208
68596 87.4710083008
68596 93.1189060211
68588 84.2108726501
68588 84.214925766
68574 81.5508365631
68556 83.153963089
68556 86.128950119
68556 83.899974823
68556 92.3011302948
68556 85.18409729
68556 82.7128887177
68551 88.6790752411
68551 85.1769447327
68551 94.6199893951
68544 84.2139720917
68544 80.7538032532
68514 80.6531906128
68514 78.1679153442
68486 95.8869457245
68471 78.6888599396
68471 78.7479877472
68469 79.5030593872
68461 77.7189731598
68461 83.3148956299
68441 88.5441303253
68441 86.8260860443
68419 80.6601047516
68348 81.8500518799
68348 88.063955307
68346 81.3810825348
68346 87.2430801392
68323 80.5180072784
68303 80.0640583038
68303 81.0110569
68303 81.0561180115
68257 93.52684021
68257 85.7660770416
68250 94.4399833679
68246 84.9719047546
68246 83.6231708527
68246 85.921049118
68213 84.0690135956
68213 91.6430950165
68213 87.1558189392
68189 89.1969203949
68181 99.2171764374
68140 77.3677825928
68140 82.9970836639
68140 79.2300701141
68137 79.8449516296
68137 82.7407836914
68128 83.8911533356
68128 85.5488777161
68123 79.5669555664
68074 85.3009223938
68067 79.0197849274
68067 79.7140598297
68067 84.8290920258
68037 81.3159942627
68037 91.6440486908
68037 81.0968875885
68012 81.6957950592
68003 81.4940929413
67985 79.3769359589
67982 88.5231494904
67982 81.2261104584
67968 87.4688625336
67945 83.4560394287
67922 81.7608833313
67922 83.8220119476
67922 80.8598995209
67922 101.895093918
67919 81.0589790344
67919 80.3620815277
67899 84.8479270935
67899 80.9891223907
67886 84.3560695648
67886 80.7268619537
67886 82.6439857483
67885 82.818031311
67885 85.2599143982
67860 85.6409072876
67860 79.060792923
67860 86.1120223999
67860 81.0070037842
67830 78.075170517
67827 84.5530033112
67800 79.8780918121
67800 87.0530605316
67800 80.1990032196
67800 82.4339389801
67800 80.0559520721
67800 78.4959793091
67800 88.2039070129
67787 79.6620845795
67787 87.5899791718
67787 79.3251991272
67787 79.647064209
67786 95.9179401398
67744 79.9300670624
67723 89.3528461456
67717 79.4060230255
67717 81.2320709229
67717 85.1640701294
67717 81.2079906464
67704 87.4600410461
67704 82.2570323944
67704 79.4289112091
67686 79.9720287323
67680 77.3708820343
67680 81.090927124
67680 79.5819759369
67680 87.3370170593
67671 78.7398815155
67662 77.9480934143
67662 82.8461647034
67653 79.1811943054
67642 86.0929489136
67614 82.6752185822
67614 85.8619213104
67609 85.4389667511
67609 83.4498405457
67609 92.5810337067
67609 84.4171047211
67552 94.8901176453
67523 97.9790687561
67523 84.3350887299
67521 88.6418819427
67521 83.6107730865
67521 84.6719741821
67521 81.8519592285
67521 81.3610553741
67513 83.0919742584
67464 78.5109996796
67430 89.2701148987
67430 81.9680690765
67430 79.8959732056
67424 82.1099281311
67424 83.4989547729
67413 87.103843689
67413 86.4939689636
67409 96.0760116577
67406 83.508014679
67385 80.292224884
67352 87.0587825775
67328 83.3609104156
67326 89.5130634308
67315 83.5251808167
67269 85.2620601654
67247 87.5599384308
67246 85.5689048767
67229 111.140012741
67229 84.6490859985
67229 87.030172348
67203 87.630033493
67203 86.7819786072
67137 87.1968269348
67137 84.5348834991
67110 94.8810577393
67110 84.9750041962
67110 83.9672088623
67110 87.2111320496
67110 83.5330486298
67098 92.5381183624
67098 85.8571529388
67098 81.5439224243
67098 80.775976181
67074 78.1118869781
67047 89.1289710999
67047 83.8279724121
66974 86.51304245
66961 82.3900699615
66951 85.4051113129
66951 87.2790813446
66902 83.5821628571
66891 89.9379253387
66891 82.9889774323
66891 82.7970504761
66891 101.766824722
66891 84.380865097
66865 93.4438705444
66810 79.9441337585
66747 79.1690349579
66747 79.0247917175
66714 78.7718296051
66688 87.1939659119
66663 82.1270942688
66655 90.7340049744
66655 83.5978984833
66655 85.550069809
66655 90.4340744019
66655 82.6871395111
66655 89.989900589
66655 82.5941562653
66644 81.9001197815
66623 82.2939872742
66607 79.6298980713
66607 89.231967926
66607 78.7770748138
66589 91.0890102386
66577 82.6709270477
66577 83.7299823761
66577 88.1299972534
66539 82.0219516754
66510 106.888055801
66506 82.5490951538
66505 86.3521099091
66505 90.9099578857
66482 84.2769145966
66482 91.7840003967
66482 82.9210281372
66482 83.0609798431
66482 85.2301120758
66482 81.2330245972
66468 87.6789093018
66461 86.8608951569
66461 90.4970169067
66461 81.5529823303
66461 85.3559970856
66431 90.7509326935
66421 83.6589336395
66413 94.496011734
66413 84.7759246826
66391 83.4529399872
66391 79.9629688263
66391 78.057050705
66391 82.533121109
66385 78.2310962677
66381 85.5569839478
66357 80.0120830536
66357 81.757068634
66357 108.361005783
66350 84.9149227142
66310 88.2039070129
66310 82.4961662292
66272 84.1119289398
66262 88.8860225677
66262 82.3101997375
66252 87.5170230865
66238 80.1649093628
66238 80.5649757385
66215 82.013130188
66215 81.3539028168
66215 86.1809253693
66190 87.4180793762
66182 88.5848999023
66182 85.1821899414
66181 81.5420150757
66095 86.3201618195
66095 80.0669193268
66095 84.9010944366
66095 78.9959430695
66095 78.7420272827
66069 80.2330970764
66063 85.1628780365
66051 92.7121639252
66045 86.1849784851
66045 90.01994133
66045 97.1779823303
66032 82.5018882751
66028 91.1090373993
66007 80.9478759766
66007 95.2770709991
66000 85.9668254852
65990 82.0260047913
65990 85.9289169312
65959 79.815864563
65959 86.1339569092
65918 79.3290138245
65918 83.4498405457
65918 83.9757919312
65892 80.7728767395
65874 83.3671092987
65874 80.4359912872
65861 85.7450962067
65861 79.7400474548
65856 79.9767971039
65856 84.2301845551
65815 80.0459384918
65801 86.7519378662
65753 81.8011760712
65747 85.1578712463
65747 84.774017334
65747 80.3220272064
65747 105.899095535
65747 82.0708274841
65747 80.8310508728
65745 81.7499160767
65733 83.8809013367
65731 87.9609584808
65731 84.5382213593
65721 91.0511016846
65721 81.9969177246
65721 86.1058235168
65721 87.8109931946
65721 81.0210704803
65717 85.8290195465
65688 79.7247886658
65679 79.3349742889
65675 80.3411006927
65675 80.4100036621
65675 83.6918354034
65669 79.2059898376
65669 84.3660831451
65669 79.3509483337
65669 78.1559944153
65669 83.0960273743
65669 79.4539451599
65660 84.3651294708
65660 78.6130428314
65644 78.56798172
65644 95.0400829315
65594 80.6319713593
65594 88.5541439056
65593 84.1360092163
65556 85.3350162506
65556 83.5540294647
65556 85.3950977325
65556 86.1308574677
65556 84.8150253296
65548 88.5088443756
65548 83.6219787598
65548 84.0620994568
65541 88.5231494904
65541 83.015203476
65541 92.1828746796
65541 83.6689472198
65523 83.685874939
65523 80.1539421082
65483 83.3261013031
65483 86.8580341339
65483 82.2439193726
65483 89.5459651947
65483 80.7478427887
65483 82.5898647308
65449 89.409828186
65449 81.3841819763
65413 102.260112762
65409 82.4279785156
65409 81.4700126648
65352 86.1999988556
65352 82.2951793671
65349 86.4841938019
65349 82.7000141144
65293 78.4568786621
65276 79.8399448395
65260 82.4790000916
65260 83.0860137939
65256 79.409122467
65223 85.8540534973
65223 78.4599781036
65223 79.2109966278
65223 82.5588703156
65223 79.5271396637
65223 84.6960544586
65205 79.8799991608
65179 82.0069313049
65159 83.9750766754
65159 82.6859474182
65159 88.7780189514
65159 81.9439888
65154 91.3140773773
65154 86.2848758698
65154 83.6079120636
65144 96.8129634857
65120 80.6038379669
65120 93.405008316
65120 82.2939872742
65114 80.6820392609
65114 86.0979557037
65114 81.041097641
65114 94.6469306946
65114 80.099105835
65096 81.3548564911
65096 82.3931694031
65092 83.3699703217
65092 85.5929851532
65073 82.4921131134
65037 87.986946106
65011 80.5139541626
65002 79.2410373688
65002 83.6789608002
65002 79.0059566498
65002 84.2189788818
65002 77.7418613434
64973 79.1981220245
64952 79.4451236725
64925 79.5478820801
64925 85.3910446167
64908 84.7878456116
64908 90.0089740753
64905 89.5640850067
64879 81.5761089325
64879 88.1621837616
64879 84.3379497528
64879 93.2130813599
64836 80.6519985199
64836 81.1250209808
64827 88.1450176239
64809 79.1709423065
64805 89.0760421753
64801 80.8389186859
64747 79.4801712036
64736 80.6510448456
64736 80.3070068359
64736 88.0298614502
64736 80.0049304962
64736 85.8500003815
64736 78.3061981201
64736 78.104019165
64714 83.0109119415
64714 79.5881748199
64714 84.3458175659
64714 78.2270431519
64714 79.4439315796
64714 80.8689594269
64684 80.2390575409
64680 99.8358726501
64680 80.1131725311
64680 79.7710418701
64666 80.9271335602
64655 79.3190002441
64651 82.2601318359
64651 77.8050422668
64651 84.0029716492
64651 79.8630714417
64651 78.8109302521
64642 82.986831665
64642 79.078912735
64642 86.9369506836
64629 76.4148235321
64629 76.9438743591
64577 77.5711536407
64577 78.1540870667
64577 81.2239646912
64485 76.3609409332
64485 81.5069675446
64457 76.5459537506
64437 78.1719684601
64425 82.2050571442
64401 78.6700248718
64401 83.6009979248
64401 78.3841609955
64394 79.1409015656
64379 92.0848846436
64379 77.4509906769
64330 83.8952064514
64330 78.2890319824
64330 76.52592659
64330 77.1341323853
64330 77.1009922028
64295 82.9632282257
64295 78.6809921265
64295 86.757183075
64295 78.5939693451
64295 80.9330940247
64288 82.5819969177
64277 77.3830413818
64277 84.3648910522
64248 83.3621025085
64248 80.1589488983
64220 79.8900127411
64220 79.1099071503
64218 84.4709873199
64187 80.5990695953
64187 85.0129127502
64185 79.3888568878
64171 78.8199901581
64171 82.4229717255
64151 80.4340839386
64151 101.315021515
64151 79.1029930115
64151 78.5450935364
64142 85.027217865
64142 78.2508850098
64133 82.8070640564
64133 77.7721405029
64133 81.7749500275
64133 84.1591358185
64112 78.7968635559
64112 89.1258716583
64112 82.8790664673
64112 91.2020206451
64112 79.1850090027
64112 80.1010131836
64062 90.3770923615
64062 79.6868801117
64062 86.0598087311
64055 79.3950557709
64055 80.4998874664
64055 81.6080570221
64051 83.1589698792
64045 85.0360393524
64045 81.5880298615
64037 86.4150524139
63983 82.9589366913
63980 82.6151371002
63969 95.6301689148
63969 77.6581764221
63907 85.0172042847
63893 82.5428962708
63893 83.6679935455
63893 82.8790664673
63893 77.9089927673
63893 83.1751823425
63893 77.6770114899
63877 77.9178142548
63828 78.6390304565
63811 78.9079666138
63803 84.1178894043
63803 78.9730548859
63803 90.2121067047
63803 80.3010463715
63803 82.1621417999
63803 84.6769809723
63803 80.1901817322
63803 88.5150432587
63803 80.7998180389
63803 82.2019577026
63767 85.0751399994
63742 86.0090255737
63701 91.1259651184
63679 83.7910175323
63660 86.4720344543
63660 92.8881168365
63660 86.1420631409
63660 86.4470005035
63660 82.3588371277
63660 88.1419181824
63618 80.7800292969
63618 81.5770626068
63618 84.3508243561
63610 84.0339660645
63585 86.7259502411
63573 80.6169509888
63573 81.0608863831
63573 82.4329853058
63532 82.2050571442
63532 85.7748985291
63532 80.7180404663
63532 91.2008285522
63532 84.212064743
63499 84.0101242065
63476 87.7990722656
63474 82.6690196991
63459 94.2409038544
63456 82.2839736938
63454 77.2078037262
63431 79.204082489
63431 77.4259567261
63431 95.7849025726
63427 78.1729221344
63419 77.9769420624
63413 79.6570777893
63368 79.1509151459
63368 83.3349227905
63368 78.2380104065
63355 83.0528736115
63355 79.1399478912
63336 79.0388584137
63307 83.6861133575
63285 78.7529945374
63285 84.5818519592
63255 79.4529914856
63239 81.1700820923
63239 79.1838169098
63239 78.360080719
63239 84.2962265015
63235 82.6878547668
63235 92.3597812653
63235 82.4010372162
63235 84.5520496368
63235 89.3821716309
63235 84.1219425201
63202 90.2059078217
63188 85.6149196625
63188 85.5100154877
63188 93.4791564941
