969 4.91094589233
969 5.02800941467
944 4.44602966309
884 3.41987609863
884 0.032901763916
871 3.51214408875
862 3.15093994141
856 2.99406051636
856 3.08704376221
854 2.98595428467
854 2.79092788696
824 2.7289390564
824 2.71415710449
815 2.74300575256
815 2.68197059631
788 2.51483917236
788 2.50196456909
788 2.55513191223
788 2.51412391663
768 2.37393379211
768 2.34484672546
768 2.32410430908
768 2.38585472107
768 2.33101844788
768 2.24113464355
749 2.22706794739
749 2.18605995178
738 2.23112106323
751 0.032901763916
745 2.06208229065
745 2.1231174469
745 1.78790092468
745 1.8150806427
743 1.74403190613
743 1.85585021973
743 1.82008743286
743 1.83701515198
733 1.74903869629
733 1.78217887878
733 1.80602073669
700 1.80602073669
673 1.88493728638
673 1.78694725037
673 1.82795524597
664 1.65796279907
664 1.70302391052
664 0.0150203704834
664 1.69396400452
664 1.72805786133
660 1.70421600342
660 0.0190734863281
660 1.71303749084
660 1.76501274109
654 1.71685218811
634 1.76310539246
634 0.0169277191162
617 1.73091888428
592 1.77001953125
581 1.76692008972
578 1.81078910828
578 1.76596641541
578 1.81102752686
566 1.6782283783
548 1.69587135315
548 1.73401832581
548 1.70493125916
548 1.75809860229
548 0.0200271606445
548 0.0159740447998
548 0.0128746032715
548 0.0159740447998
548 1.73616409302
548 0.018835067749
548 1.77097320557
541 1.54399871826
533 1.54399871826
533 1.59406661987
527 2.08306312561
514 1.67798995972
514 0.02121925354
512 1.63197517395
512 0.0271797180176
512 1.70683860779
512 1.68299674988
512 0.0259876251221
512 0.0147819519043
512 1.68704986572
512 1.6348361969
511 1.629114151
510 1.69396400452
507 1.6450881958
506 1.68395042419
506 0.0178813934326
506 1.64794921875
506 0.0169277191162
506 1.6930103302
506 0.0171661376953
506 0.0171661376953
506 1.6610622406
497 1.68013572693
497 0.0209808349609
497 0.0169277191162
497 0.0171661376953
497 0.0591278076172
497 0.0171661376953
497 1.68108940125
497 1.68204307556
497 1.7249584198
486 1.71589851379
486 1.75285339355
486 1.7249584198
486 1.77407264709
486 1.73902511597
486 0.0169277191162
486 0.0181198120117
486 1.80006027222
486 1.79100036621
486 1.79505348206
486 0.0219345092773
486 0.0159740447998
486 0.0171661376953
486 0.0171661376953
486 0.0159740447998
486 1.8138885498
486 0.0200271606445
482 1.80101394653
482 0.0200271606445
482 1.84893608093
482 0.0231266021729
477 1.86610221863
452 1.54495239258
452 1.49512290955
451 1.59192085266
451 0.0269412994385
451 0.0209808349609
451 0.0171661376953
451 1.56211853027
451 0.0240802764893
441 1.50203704834
436 1.53303146362
436 0.0169277191162
430 1.49703025818
430 0.0169277191162
430 0.0178813934326
430 1.52993202209
430 0.0190734863281
428 1.53112411499
428 0.0169277191162
424 1.53398513794
423 1.60217285156
403 1.48415565491
403 1.52897834778
403 0.0178813934326
403 0.0169277191162
403 0.0159740447998
390 1.49893760681
390 0.0169277191162
389 1.51491165161
389 0.0169277191162
388 1.51991844177
388 0.0209808349609
388 0.0169277191162
388 1.47891044617
388 0.0169277191162
388 1.53112411499
388 0.0190734863281
386 1.49297714233
386 0.0171661376953
386 0.0150203704834
386 1.48987770081
385 1.54495239258
384 1.51014328003
384 1.54280662537
384 1.51205062866
384 0.0178813934326
384 0.0159740447998
384 0.0171661376953
384 0.0178813934326
384 0.0169277191162
384 0.0131130218506
384 0.0169277191162
382 1.53088569641
382 0.0181198120117
382 0.0181198120117
379 1.87110900879
379 0.0219345092773
379 0.0169277191162
379 0.0169277191162
379 0.0171661376953
373 1.54900550842
373 1.60002708435
370 1.5549659729
370 0.0171661376953
370 0.0171661376953
370 0.0159740447998
368 1.59478187561
368 1.57713890076
368 0.0169277191162
368 1.58882141113
368 0.0181198120117
362 1.58286094666
362 0.0181198120117
357 1.56807899475
357 0.0181198120117
357 1.59215927124
357 0.0190734863281
357 1.56497955322
357 0.0197887420654
357 0.0169277191162
357 0.0169277191162
357 0.0178813934326
357 0.0162124633789
357 0.0178813934326
357 0.0169277191162
357 1.59907341003
357 1.58596038818
357 0.0190734863281
357 0.0178813934326
357 0.0178813934326
354 1.58286094666
354 0.0181198120117
354 0.0178813934326
354 0.0209808349609
354 1.59883499146
354 0.0171661376953
354 0.0190734863281
354 0.0178813934326
351 1.59311294556
351 0.0190734863281
351 0.0169277191162
351 0.0171661376953
351 0.0178813934326
349 1.63292884827
349 0.0219345092773
349 0.0181198120117
349 0.0181198120117
349 1.60002708435
349 0.0169277191162
349 0.0162124633789
349 0.0169277191162
349 1.62982940674
349 1.620054245
349 0.0178813934326
349 1.64198875427
341 1.62386894226
341 0.0190734863281
341 1.64198875427
329 1.70803070068
317 1.64103507996
317 0.0171661376953
317 1.68514251709
317 1.65700912476
317 0.0171661376953
317 1.70207023621
317 1.68395042419
317 1.68299674988
304 1.72305107117
304 1.70111656189
304 0.0178813934326
304 1.75189971924
304 0.0228881835938
304 0.0171661376953
304 0.014066696167
304 1.72400474548
302 1.76000595093
302 0.0181198120117
302 1.72996520996
294 1.77097320557
294 0.0209808349609
294 0.0169277191162
294 0.0169277191162
294 0.0200271606445
292 1.76596641541
292 0.0190734863281
292 0.0150203704834
292 1.90901756287
289 1.86991691589
289 0.0259876251221
289 1.89399719238
289 0.0300407409668
289 0.0190734863281
289 0.0159740447998
289 0.0178813934326
289 0.0197887420654
289 0.0178813934326
283 1.85799598694
277 1.99294090271
277 0.0278949737549
277 1.86610221863
277 1.92594528198
275 1.87802314758
275 0.0259876251221
275 0.0178813934326
275 1.96599960327
275 0.0250339508057
275 0.0178813934326
275 0.0190734863281
272 1.91807746887
272 0.0250339508057
272 0.0169277191162
272 0.0159740447998
272 0.0178813934326
265 1.93119049072
265 0.0259876251221
265 0.0181198120117
265 0.0178813934326
263 1.84202194214
263 0.0181198120117
263 0.0171661376953
263 0.0159740447998
263 1.88589096069
263 0.0169277191162
262 1.85394287109
253 1.89304351807
253 0.0162124633789
247 1.87993049622
247 1.95503234863
242 1.89900398254
242 0.0181198120117
242 0.0162124633789
242 0.0169277191162
241 1.93095207214
241 1.90114974976
241 1.96385383606
241 0.0219345092773
241 1.91783905029
241 0.0181198120117
241 0.0181198120117
241 0.0171661376953
241 1.98101997375
241 0.0219345092773
241 1.92499160767
241 0.0181198120117
241 0.0169277191162
241 0.018835067749
241 0.0178813934326
241 0.0197887420654
241 2.00009346008
241 0.0231266021729
241 1.94597244263
241 0.0178813934326
241 0.0200271606445
241 0.0159740447998
241 1.99818611145
241 0.0181198120117
241 1.94978713989
241 1.99103355408
241 0.0178813934326
241 0.0178813934326
241 0.0169277191162
241 0.0159740447998
241 1.98888778687
241 0.0219345092773
241 2.02178955078
240 1.97601318359
240 0.018835067749
240 0.014066696167
240 1.98316574097
240 2.03680992126
240 0.0190734863281
240 0.0190734863281
240 0.0169277191162
240 0.0178813934326
236 2.00796127319
236 2.04205513
236 0.0200271606445
236 0.0190734863281
236 2.01892852783
236 2.07090377808
236 2.03514099121
236 0.0190734863281
235 2.06184387207
235 0.0169277191162
235 0.0169277191162
235 0.0159740447998
235 0.0181198120117
235 0.0200271606445
235 0.0159740447998
235 0.0169277191162
235 0.0169277191162
233 2.02417373657
233 0.0181198120117
233 0.0181198120117
233 0.0171661376953
233 0.0171661376953
233 0.0190734863281
233 0.018835067749
233 0.0169277191162
233 0.0171661376953
233 0.0169277191162
233 0.0169277191162
233 0.0181198120117
233 0.0169277191162
233 0.0181198120117
233 0.0169277191162
233 0.0159740447998
233 0.0519752502441
233 0.0128746032715
233 2.05397605896
233 2.08497047424
233 2.13503837585
227 2.1641254425
227 0.0219345092773
222 2.08497047424
222 2.12001800537
222 0.0159740447998
222 0.0171661376953
218 2.10309028625
218 0.0200271606445
218 0.0178813934326
216 2.15196609497
216 0.0171661376953
213 2.10404396057
213 0.0169277191162
213 0.0178813934326
213 0.0159740447998
213 0.0178813934326
213 0.0159740447998
213 0.0190734863281
213 0.0541210174561
213 0.0181198120117
213 0.0159740447998
213 0.018835067749
213 0.0169277191162
213 0.0197887420654
213 0.0169277191162
213 2.13098526001
213 0.0169277191162
213 2.16102600098
206 2.14600563049
206 0.0209808349609
199 2.17199325562
199 2.12907791138
199 2.20108032227
199 0.0200271606445
199 2.22396850586
199 0.0760555267334
199 0.0178813934326
199 0.0169277191162
197 2.24089622498
196 2.27403640747
196 2.20489501953
196 0.0190734863281
196 0.0171661376953
196 0.0181198120117
196 0.014066696167
196 2.26902961731
196 0.0238418579102
196 0.0169277191162
196 0.0190734863281
196 2.23112106323
196 0.018835067749
196 0.0150203704834
194 2.26902961731
194 0.0178813934326
194 0.0181198120117
194 2.37011909485
194 0.028133392334
194 0.0190734863281
194 0.0190734863281
194 2.42400169373
194 0.0350475311279
194 0.0190734863281
194 0.0169277191162
194 0.0190734863281
194 0.0169277191162
194 0.0178813934326
194 0.0150203704834
194 2.36892700195
194 0.0190734863281
194 0.0178813934326
194 0.0169277191162
194 2.34198570251
194 0.0181198120117
194 0.0169277191162
194 0.0178813934326
194 0.0169277191162
194 0.0171661376953
194 2.32601165771
194 0.0228881835938
194 2.38013267517
194 2.37393379211
194 0.0190734863281
194 2.3250579834
194 0.0178813934326
194 2.39205360413
194 2.3889541626
194 0.018835067749
194 0.0178813934326
192 2.39491462708
192 0.0181198120117
192 0.0190734863281
192 0.0178813934326
192 0.0171661376953
192 0.0190734863281
192 2.39610671997
192 0.018835067749
192 0.014066696167
192 0.0169277191162
192 0.0178813934326
192 0.0171661376953
192 2.38704681396
192 0.0209808349609
192 2.41804122925
192 0.0197887420654
192 0.0181198120117
192 2.42900848389
192 0.0178813934326
192 0.0128746032715
192 0.0178813934326
192 2.38299369812
191 2.50387191772
191 0.0259876251221
191 2.42900848389
191 0.0190734863281
191 2.36487388611
191 0.0200271606445
191 0.0181198120117
191 0.0171661376953
191 2.40206718445
191 0.0190734863281
191 0.0181198120117
191 0.0190734863281
191 0.0181198120117
191 0.0159740447998
191 0.0159740447998
191 0.0150203704834
191 2.38299369812
191 2.43592262268
182 2.40921974182
182 0.0209808349609
182 0.018835067749
182 0.0159740447998
182 0.0171661376953
182 0.0190734863281
182 2.41994857788
182 0.0209808349609
182 2.46691703796
182 2.48622894287
182 0.0197887420654
181 2.42686271667
181 0.0171661376953
181 0.0171661376953
181 2.47693061829
181 0.0219345092773
181 2.48217582703
181 0.0200271606445
181 0.0171661376953
181 0.0181198120117
181 2.44402885437
181 2.48098373413
181 2.45881080627
181 0.0181198120117
173 2.5041103363
173 0.0190734863281
173 2.50697135925
173 0.018835067749
173 0.0169277191162
173 2.49886512756
173 0.028133392334
173 0.0200271606445
173 0.0200271606445
173 0.0178813934326
173 0.0200271606445
173 0.0209808349609
173 0.0178813934326
173 0.0200271606445
173 2.62188911438
173 0.028133392334
173 0.0178813934326
173 0.0178813934326
173 0.018835067749
173 0.0190734863281
173 0.0181198120117
173 0.0178813934326
173 2.67696380615
173 0.0250339508057
173 2.66289710999
172 2.65288352966
171 2.73609161377
171 2.75301933289
171 0.0309944152832
171 0.0181198120117
171 2.64310836792
171 0.028133392334
171 2.63285636902
171 0.0238418579102
171 0.0178813934326
171 0.0159740447998
171 0.0159740447998
171 0.0178813934326
171 2.5908946991
171 2.54797935486
171 0.0209808349609
171 2.5520324707
171 0.0138282775879
171 0.0178813934326
171 2.5839805603
171 0.0178813934326
170 2.54797935486
170 0.0181198120117
170 0.0209808349609
170 0.018835067749
170 2.58302688599
170 2.61878967285
170 2.62999534607
170 0.0200271606445
170 2.60210037231
170 0.0200271606445
167 2.64000892639
165 2.63500213623
165 0.0200271606445
165 0.0178813934326
165 0.0138282775879
165 0.0200271606445
165 0.0169277191162
165 0.018835067749
163 2.65407562256
163 2.67910957336
163 2.67004966736
163 0.0178813934326
163 0.0178813934326
163 0.0178813934326
163 0.0169277191162
163 0.0181198120117
163 2.62689590454
161 2.68888473511
161 2.69794464111
161 0.0178813934326
161 2.66194343567
161 0.0190734863281
161 2.74515151978
161 0.0209808349609
161 2.73013114929
161 0.0190734863281
161 2.71701812744
161 2.72297859192
143 1.70612335205
143 0.018835067749
143 1.66988372803
143 0.0171661376953
143 0.0190734863281
143 0.0159740447998
143 0.0181198120117
143 0.0181198120117
143 0.0159740447998
142 1.72781944275
142 0.0190734863281
141 1.72519683838
141 0.0228881835938
141 0.0169277191162
141 1.75619125366
141 0.018835067749
141 0.0169277191162
141 0.0178813934326
141 0.0169277191162
141 0.0131130218506
141 1.71113014221
141 1.71589851379
141 0.0209808349609
141 0.0169277191162
141 1.76310539246
141 0.018835067749
141 0.018835067749
141 0.0169277191162
141 0.02121925354
141 0.0169277191162
141 0.0200271606445
141 0.0190734863281
141 0.0178813934326
141 0.0159740447998
141 0.0190734863281
139 1.7421245575
139 1.74999237061
139 0.0169277191162
139 0.0190734863281
139 0.0190734863281
139 1.74498558044
139 0.0171661376953
136 1.83391571045
136 0.0209808349609
136 0.0200271606445
136 0.0181198120117
136 0.0169277191162
130 1.44410133362
130 0.0178813934326
130 0.0178813934326
130 0.0169277191162
130 0.0190734863281
130 1.49893760681
130 0.0221729278564
130 0.0190734863281
130 0.0181198120117
130 0.0190734863281
130 0.0190734863281
130 0.0190734863281
130 0.0162124633789
130 1.45602226257
130 1.51491165161
130 0.0190734863281
130 0.0178813934326
130 0.0178813934326
130 0.0171661376953
130 0.0171661376953
130 0.0178813934326
130 0.018835067749
130 0.0169277191162
130 0.0181198120117
130 0.0190734863281
130 0.0171661376953
130 0.0169277191162
130 0.0159740447998
130 0.0181198120117
130 0.0190734863281
130 0.0171661376953
130 0.0190734863281
130 0.0169277191162
130 0.0178813934326
130 0.0178813934326
130 0.0178813934326
130 0.0171661376953
128 1.48415565491
128 0.0171661376953
128 0.0209808349609
128 0.0159740447998
128 0.0190734863281
128 0.0169277191162
128 0.0169277191162
128 0.0169277191162
128 0.0171661376953
128 0.0178813934326
128 1.52587890625
128 0.0171661376953
128 0.0181198120117
128 0.0181198120117
128 0.0321865081787
128 0.0181198120117
128 0.0209808349609
128 0.0200271606445
128 0.0178813934326
128 0.0190734863281
128 0.0190734863281
128 0.0190734863281
128 0.0200271606445
128 0.0181198120117
128 0.0171661376953
128 0.0200271606445
128 0.0200271606445
128 0.0169277191162
128 0.0190734863281
128 0.0171661376953
128 0.0200271606445
128 0.0190734863281
128 0.0181198120117
127 1.50299072266
127 1.56688690186
127 0.0290870666504
127 0.0181198120117
127 0.018835067749
127 0.018835067749
127 0.0150203704834
127 0.0219345092773
127 0.0190734863281
127 0.0181198120117
127 0.0190734863281
127 0.0200271606445
127 0.0190734863281
127 0.0190734863281
127 0.0181198120117
127 0.0200271606445
127 0.0200271606445
127 0.0200271606445
127 0.0200271606445
127 0.0190734863281
127 0.0190734863281
127 0.0178813934326
127 0.0169277191162
127 1.56807899475
127 0.028133392334
127 0.0228881835938
127 0.0200271606445
127 0.0178813934326
127 0.0209808349609
127 0.0598430633545
127 0.0209808349609
127 0.0209808349609
127 0.0200271606445
127 1.5549659729
127 0.0200271606445
127 0.0178813934326
127 0.0190734863281
127 0.018835067749
127 0.0200271606445
127 0.0190734863281
127 0.0190734863281
127 0.0190734863281
127 0.0190734863281
127 1.53684616089
127 0.0238418579102
127 0.0209808349609
127 0.018835067749
127 0.0619888305664
127 0.018835067749
127 0.0219345092773
127 0.0190734863281
127 0.0209808349609
127 0.0200271606445
127 0.0181198120117
126 1.60813331604
126 0.0259876251221
126 0.0200271606445
126 0.0181198120117
126 0.018835067749
126 0.018835067749
126 0.0178813934326
126 0.0181198120117
126 0.0181198120117
126 0.0171661376953
126 1.58596038818
126 0.0181198120117
126 0.0209808349609
126 0.0181198120117
126 0.0209808349609
126 0.0171661376953
126 1.53803825378
126 1.55901908875
126 0.0250339508057
126 0.0190734863281
126 0.0181198120117
126 0.0169277191162
126 0.0178813934326
126 0.018835067749
126 0.0200271606445
126 0.018835067749
126 0.0150203704834
126 0.0162124633789
126 0.0219345092773
126 0.0200271606445
126 0.0178813934326
126 0.0178813934326
126 1.56688690186
125 1.53112411499
125 0.018835067749
123 1.57785415649
123 0.0181198120117
123 0.0181198120117
123 0.0190734863281
123 0.0171661376953
123 0.0178813934326
123 0.0169277191162
123 0.0181198120117
123 0.0181198120117
123 0.0181198120117
121 1.55210494995
121 0.0181198120117
121 0.0181198120117
121 1.62816047668
121 0.0219345092773
121 0.0209808349609
121 0.0209808349609
121 0.0209808349609
121 0.0178813934326
121 0.0190734863281
121 0.0159740447998
121 0.0171661376953
121 0.0181198120117
121 0.0181198120117
121 0.0159740447998
121 0.018835067749
121 0.0169277191162
121 0.0169277191162
121 0.0169277191162
121 0.0159740447998
121 0.0159740447998
121 0.0178813934326
119 1.58214569092
119 0.018835067749
119 0.0169277191162
119 1.62291526794
118 1.59406661987
118 0.0190734863281
117 1.62696838379
117 0.0200271606445
117 0.0190734863281
117 0.0147819519043
117 0.0178813934326
117 0.018835067749
117 0.0190734863281
117 0.0169277191162
117 0.0178813934326
117 0.0169277191162
117 0.0181198120117
117 0.0159740447998
117 0.0190734863281
117 0.0150203704834
117 0.0171661376953
117 0.0159740447998
117 0.0169277191162
117 0.0190734863281
117 0.0171661376953
117 0.0190734863281
117 0.0171661376953
117 0.0159740447998
117 0.0178813934326
117 0.018835067749
117 0.0181198120117
117 0.0181198120117
117 0.0181198120117
117 0.0200271606445
117 0.018835067749
117 0.018835067749
117 0.0169277191162
117 0.0162124633789
117 0.0150203704834
117 0.0159740447998
116 1.62196159363
116 0.0238418579102
116 0.0200271606445
116 0.0181198120117
116 0.0181198120117
116 0.0171661376953
116 0.0169277191162
116 0.018835067749
116 0.0178813934326
116 0.0169277191162
116 0.0169277191162
116 0.0159740447998
116 0.0181198120117
116 0.0181198120117
116 0.0190734863281
116 1.62696838379
116 0.0190734863281
116 0.0178813934326
116 0.0178813934326
116 0.018835067749
116 0.018835067749
116 0.0169277191162
116 0.0171661376953
116 0.0181198120117
116 0.0169277191162
116 0.0159740447998
116 0.0190734863281
116 0.0171661376953
116 0.0181198120117
116 0.0190734863281
116 0.0159740447998
116 0.0178813934326
116 0.0171661376953
116 0.0190734863281
116 0.0159740447998
114 1.66392326355
114 0.0178813934326
114 0.0169277191162
114 0.0219345092773
114 0.0150203704834
114 0.0178813934326
114 0.018835067749
114 0.0162124633789
113 1.62696838379
113 0.0200271606445
113 0.0181198120117
113 0.0171661376953
113 0.0169277191162
113 1.71685218811
113 0.0231266021729
113 0.0209808349609
113 0.0209808349609
113 0.0181198120117
113 0.0190734863281
113 0.0190734863281
113 0.0169277191162
113 0.0178813934326
113 0.0200271606445
113 0.0200271606445
113 0.0178813934326
113 0.0178813934326
113 0.0197887420654
113 0.0200271606445
113 0.0190734863281
113 0.0169277191162
113 0.0169277191162
113 0.0178813934326
113 0.0178813934326
113 0.0169277191162
113 0.0190734863281
113 0.0181198120117
113 0.0190734863281
113 0.014066696167
113 0.0169277191162
113 0.0178813934326
113 0.0159740447998
113 0.0181198120117
113 1.64484977722
113 0.018835067749
113 0.0178813934326
113 0.0169277191162
113 1.68395042419
113 0.0200271606445
113 0.0190734863281
113 0.0169277191162
113 0.0190734863281
