145716 705.779075623
145702 158.152103424
145684 164.932966232
145651 164.294958115
145648 152.038097382
145606 153.637170792
145583 158.815860748
145554 159.929990768
145554 160.281181335
145554 183.765888214
145541 161.068201065
145532 163.978099823
145532 163.568973541
145482 164.551973343
145473 164.719104767
145471 152.680873871
145471 154.282093048
145471 158.290863037
145420 192.718029022
145420 195.30415535
145420 178.59005928
145409 189.320802689
145409 163.364887238
145367 165.229082108
145367 165.733098984
145333 184.195041656
145297 153.307199478
145265 154.767990112
145261 159.482955933
145261 159.938812256
145261 162.395954132
145261 160.099983215
145261 161.35597229
145241 190.531015396
145237 165.817975998
145235 164.783000946
145214 165.758132935
145205 153.8438797
145205 155.216932297
145195 162.296056747
145181 160.364866257
145166 172.788858414
145153 161.1328125
145142 162.194013596
145142 161.968946457
145142 191.341161728
145142 164.915084839
145137 165.932178497
145131 154.309988022
145131 155.4210186
145078 160.07900238
145059 160.509109497
145059 160.952091217
145049 172.741889954
145019 162.219047546
145019 161.997079849
145019 164.539813995
145019 193.243980408
145019 167.598009109
145014 156.570196152
145006 157.757997513
144978 162.445068359
144957 160.823822021
144953 160.179853439
144953 162.313938141
144943 162.766933441
144943 165.162086487
144920 166.656970978
144920 164.286136627
144920 193.664073944
144920 153.096914291
144920 155.365943909
144919 160.685062408
144919 160.175085068
144878 164.60609436
144878 161.736011505
144796 162.353038788
144796 162.575006485
144796 164.156913757
144796 165.145874023
144773 170.013189316
144773 167.423963547
144749 171.425819397
144715 159.060955048
144691 161.185026169
144658 160.49695015
144624 161.098003387
144610 161.343097687
144610 162.037134171
144584 163.064002991
144557 163.733959198
144524 164.435148239
144524 168.679952621
144524 152.772903442
144524 175.880908966
144517 159.08408165
144489 158.791065216
144485 159.470081329
144485 161.872148514
144454 160.284996033
144454 161.857128143
144445 162.397861481
144370 163.946866989
144353 165.058851242
144353 153.305053711
144314 154.000997543
144238 180.702209473
144238 158.32901001
144236 159.383058548
144236 160.32409668
144220 161.062002182
144209 161.76199913
144209 162.658929825
144188 164.378881454
144168 165.643930435
144110 152.261972427
144110 154.209136963
144110 159.100055695
144066 182.152986526
144066 159.082889557
144066 161.195993423
144066 161.064147949
144066 162.683010101
144046 162.684202194
144046 164.298057556
144039 164.668083191
144029 152.359008789
144029 154.048204422
144029 159.209012985
144028 159.057855606
144014 182.142019272
143966 159.651041031
143966 161.688804626
143966 161.996126175
143966 162.54901886
143966 163.569927216
143966 164.086818695
143899 152.088165283
143899 154.02507782
143848 157.991170883
143848 159.754991531
143848 159.144878387
143832 184.05008316
143832 160.614013672
143832 162.124872208
143832 164.701938629
143832 163.16819191
143832 163.954019547
143818 152.378797531
143816 154.214143753
143805 158.372879028
143795 159.597873688
143795 158.571958542
143792 160.46500206
143792 185.233831406
143792 161.635160446
143737 162.569046021
143737 163.166999817
143708 164.405107498
143634 152.245998383
143623 155.574083328
143574 159.148931503
143574 159.163951874
143521 158.82897377
143521 159.571170807
143505 160.439014435
143483 187.54696846
143483 163.120985031
143458 163.575172424
143458 165.205955505
143415 152.329921722
143410 153.890132904
143410 158.832073212
143384 159.243106842
143384 158.944129944
143384 159.068822861
143384 160.403013229
143382 161.078929901
143363 189.502954483
143363 163.790225983
143342 164.850950241
143342 152.528047562
143336 154.395103455
143336 158.574104309
143336 159.659862518
143336 158.735990524
143336 159.52706337
143336 160.158872604
143326 161.755084991
143304 162.493944168
143304 190.752029419
143282 163.861989975
143257 151.978969574
143257 153.912067413
143257 158.404111862
143257 158.555030823
143219 158.554077148
143219 160.210847855
143213 160.130023956
143191 161.287069321
143191 162.46008873
143191 162.873029709
143158 193.139076233
143147 152.305841446
143147 153.996944427
143136 158.603906631
143136 159.482955933
143136 159.312963486
143132 159.590005875
143132 160.476922989
143132 162.29891777
143132 161.960840225
143127 162.820100784
143127 163.467168808
143127 164.484977722
143118 168.601989746
143101 162.545919418
143085 158.94317627
143085 159.137010574
143085 159.467935562
143076 161.140918732
143076 160.73513031
143076 164.308071136
143076 162.937879562
143023 163.650989532
143005 165.134906769
143005 153.012990952
143005 176.023960114
142985 159.22498703
142985 158.782958984
142985 159.487962723
142985 160.247087479
142985 161.063909531
142967 162.355899811
142967 163.049936295
142967 164.654970169
142967 165.105819702
142929 152.939081192
142929 154.736995697
142906 181.33687973
142862 158.624887466
142845 158.994913101
142828 160.316944122
142828 161.211013794
142828 164.655923843
142828 163.147926331
142819 163.717031479
142772 164.29901123
142699 152.482032776
142671 154.43110466
142671 158.691883087
142667 181.751966476
142664 159.670829773
142664 160.888910294
142662 161.354780197
142624 162.281036377
142572 163.511991501
142564 164.572954178
142560 164.730072021
142543 152.454853058
142543 154.555082321
142519 158.539056778
142519 159.410953522
142519 182.64913559
142511 160.345077515
142493 160.899162292
142493 162.18495369
142489 162.693023682
142459 163.470983505
142459 164.358139038
142448 152.328014374
142448 154.073953629
142448 159.479856491
142428 158.591032028
142428 158.134937286
142428 183.444023132
142402 160.925149918
142385 162.163972855
142385 162.752151489
142385 163.281917572
142363 164.359092712
142363 152.819871902
142362 153.962135315
142362 158.098936081
142360 159.329891205
142360 158.620834351
142317 159.934043884
142308 184.750080109
142308 162.068128586
142308 162.554979324
142299 163.032054901
142263 164.486885071
142263 152.112960815
142263 153.654813766
142256 158.103942871
142256 158.545970917
142256 158.082008362
142256 159.05213356
142239 159.998893738
142239 186.851024628
142239 163.67483139
142187 163.74707222
142187 164.117097855
142119 151.825904846
142119 153.851985931
142119 158.0119133
142119 158.575057983
142111 158.355951309
142111 159.869909286
142111 160.006999969
142111 161.916017532
142105 188.728094101
142105 162.847042084
142105 163.985967636
142088 151.770114899
142088 153.73301506
142061 158.241033554
142032 158.673048019
141994 158.233880997
141994 160.109996796
141961 160.483837128
141961 162.190914154
141952 162.700891495
141907 190.778017044
141894 164.8209095
141894 152.981042862
141888 155.926942825
141888 158.198833466
141888 160.479068756
141888 158.514976501
141853 160.648822784
141853 165.677070618
141816 160.691976547
141788 161.643981934
141788 162.636041641
141788 191.820859909
141788 152.31013298
141788 154.282093048
141788 158.358812332
141788 158.598899841
141764 158.030986786
141764 158.4649086
141764 159.708023071
141764 160.323143005
141759 161.859989166
141743 163.92493248
141733 163.529872894
141719 164.900064468
141719 168.586015701
141719 158.389806747
141695 159.034967422
141677 158.967018127
141657 159.759998322
141657 160.4180336
141649 160.690069199
141639 161.878108978
141603 163.949966431
141597 163.590908051
141562 164.500951767
141562 151.952981949
141562 175.101041794
141562 158.999919891
141562 158.824920654
141562 159.095048904
141534 160.042047501
141484 160.358190536
141484 162.841081619
141484 162.235021591
141466 163.674116135
141422 164.37792778
141418 152.736186981
141418 154.179096222
141403 180.300951004
141403 158.184051514
141403 159.491062164
141403 160.368204117
141403 161.023139954
141387 161.844015121
141387 162.746906281
141359 163.66314888
141359 164.183855057
141359 152.382850647
141293 153.800010681
141293 158.424139023
141293 182.255983353
141200 159.069776535
141164 160.029888153
141141 161.150932312
141138 162.789821625
141138 162.785053253
141127 164.002895355
141112 164.14809227
141045 152.473211288
141045 156.69298172
141045 164.701938629
141045 159.097909927
141045 182.428121567
141031 160.070180893
141031 161.051988602
141031 162.211179733
141029 163.247108459
141029 163.421154022
141026 164.341926575
141026 152.856111526
141026 154.225111008
141026 158.638954163
141026 159.292936325
140990 158.303976059
140990 183.614015579
140970 160.753965378
140970 162.014961243
140960 162.703990936
140938 168.730020523
140938 164.679050446
140895 152.47297287
140869 154.329061508
140869 158.726930618
140863 159.414052963
140851 158.791065216
140847 159.904003143
140847 185.856103897
140847 163.048028946
140828 163.125991821
140827 163.443088531
140792 164.948940277
140777 152.788877487
140777 154.936075211
140723 158.692121506
140718 159.460067749
140718 160.12597084
140718 160.96997261
140718 160.842180252
140718 187.530040741
140699 162.68491745
140699 163.648843765
140682 164.094924927
140674 152.830123901
140672 154.757022858
140672 158.692121506
140672 159.1360569
140672 159.362077713
140656 159.784078598
140614 160.694122314
140614 160.967111588
140614 189.293861389
140614 163.861036301
140596 164.582014084
140564 152.261972427
140564 154.383897781
140488 158.751964569
140470 160.541057587
140470 159.021139145
140470 159.749984741
140452 160.547971725
140408 161.233186722
140403 162.55903244
140392 191.420078278
140360 164.186954498
140343 152.444839478
140343 154.561042786
140343 158.806800842
140302 159.120082855
140301 158.73503685
140301 159.512996674
140286 160.132169724
140286 160.764932632
140284 161.967039108
140265 162.46008873
140265 193.048000336
140245 154.132127762
140213 153.965950012
140213 158.354997635
140194 159.262895584
140194 158.832073212
140194 159.76190567
140194 161.780834198
140194 160.919189453
140194 162.10603714
140185 163.895130157
140185 163.746833801
140185 164.755105972
140176 177.014112473
140176 158.406972885
140174 159.020900726
140154 159.971952438
140114 159.79385376
140111 160.922050476
140060 162.013053894
140045 162.489175797
140045 165.395021439
140026 165.756940842
140026 167.115926743
140026 153.748035431
140015 189.354896545
140015 170.941114426
140008 165.800094604
140008 160.597085953
139997 160.463094711
139997 169.451951981
139986 181.194067001
139986 176.830053329
139977 175.096035004
139972 174.973964691
139972 156.970977783
139960 155.770778656
139946 201.364994049
139946 163.415908813
139905 160.645961761
139905 168.981790543
139886 168.27082634
139886 169.013977051
139886 170.479059219
139876 172.105073929
139876 173.005104065
139876 155.746936798
139876 159.12604332
139800 171.111106873
139786 187.730073929
139786 160.701036453
139772 175.033092499
139772 177.958011627
139761 168.967008591
139749 178.601980209
139749 172.492027283
139748 171.309947968
139748 152.877092361
139748 162.322998047
139737 187.581062317
139694 176.818847656
139694 191.675901413
139694 160.273075104
139694 162.088871002
139677 163.253068924
139677 163.902997971
139677 165.328025818
139659 183.300018311
139659 167.56606102
139659 169.644117355
139659 168.040037155
139638 176.576137543
139599 166.005849838
139582 185.013055801
139582 168.033123016
139582 166.667938232
139582 164.528846741
139582 163.879871368
139582 165.503025055
139527 156.601905823
139489 155.683994293
139489 163.16819191
139489 163.22016716
139489 161.250114441
139489 160.388946533
139485 197.582960129
139485 169.801950455
139477 164.393901825
139458 163.759946823
139458 167.621850967
139458 164.368152618
139458 159.122943878
139458 160.485982895
139458 162.468194962
139436 161.523103714
139436 161.417007446
139436 162.019014359
139436 191.574811935
139434 169.742107391
139411 166.995048523
139404 165.642023087
139382 154.128074646
139378 154.449939728
139376 160.957098007
139367 159.21497345
139332 160.3910923
139332 159.689903259
139315 159.530162811
139296 162.432909012
139296 193.950891495
139296 171.315193176
139296 167.869091034
139296 153.601169586
139296 153.748989105
139296 159.914970398
139296 160.033941269
139296 160.523176193
139296 160.713911057
139296 162.838935852
139296 162.99700737
139289 164.099931717
139230 207.948923111
139215 171.16189003
139206 151.408910751
139206 157.171964645
139197 162.163972855
139180 160.272836685
139162 160.372018814
139162 166.26906395
139151 165.541887283
139151 162.915945053
139145 162.881851196
139145 163.208961487
139104 196.536064148
139095 156.810998917
139060 160.16793251
139060 164.501190186
139007 165.730953217
139007 161.777973175
139007 166.891098022
138990 174.381971359
138990 164.172172546
138984 171.388149261
138984 202.172040939
138984 176.460981369
138957 181.283950806
138933 190.524816513
138932 178.874969482
138932 176.630020142
138932 171.460151672
138913 169.775009155
138901 161.957025528
138898 168.416976929
138898 175.95911026
138880 179.888963699
138876 176.99098587
138863 170.670032501
138850 153.245210648
138850 178.224086761
138843 166.161060333
138804 162.349939346
138804 160.14289856
138804 162.449836731
138792 162.298202515
138791 163.512945175
138780 163.49697113
138745 171.010971069
138716 167.344093323
138716 152.533054352
138716 154.187917709
138707 180.200099945
138707 159.32393074
138690 162.661790848
138683 162.155151367
138683 165.348052979
138683 167.924165726
138663 173.229217529
138663 175.369977951
138655 166.883945465
138655 159.62600708
138652 158.720016479
138652 166.157007217
138588 184.595108032
138588 166.363954544
138588 165.822029114
138588 161.931037903
138582 163.04898262
138582 167.614936829
138582 174.273967743
138535 177.073001862
138505 162.809848785
138467 156.881093979
138467 158.856868744
138454 159.399032593
138380 185.404062271
138371 164.381027222
138349 165.765047073
138349 166.454792023
138349 169.708967209
138333 181.443929672
138331 173.557043076
138328 162.974834442
138305 156.844139099
138272 168.600797653
138249 169.339895248
138249 177.035093307
138249 212.514162064
138249 160.542011261
138249 162.14299202
138194 162.499904633
138182 162.806034088
138137 164.475917816
138135 152.005910873
138111 154.366970062
138045 163.242101669
138015 165.190935135
137969 158.064126968
137969 159.384012222
137969 185.616970062
137966 161.700963974
137966 163.362026215
137927 167.219161987
137927 164.067029953
137891 152.478933334
137891 155.465126038
137864 169.843196869
137834 166.517019272
137818 159.065008163
137817 160.353899002
137794 160.721063614
137780 189.878225327
137756 163.35606575
137756 170.547008514
137740 183.319091797
137733 154.428958893
137733 156.136035919
137722 160.050868988
137708 161.448955536
137708 159.70492363
137684 172.576904297
137684 166.751146317
137684 163.911104202
137672 188.55714798
137623 163.116931915
137586 165.17496109
137586 157.077074051
137586 158.602952957
137586 165.681123734
137586 162.891149521
137586 158.119916916
137586 160.414934158
137570 161.567926407
137561 167.013883591
137561 176.689863205
137550 201.672077179
137550 165.199995041
137515 153.62405777
137515 154.795885086
137479 159.808158875
137479 163.676023483
137479 174.139022827
137479 170.320987701
137479 168.889045715
137444 172.0058918
137419 169.581890106
137419 170.060873032
137372 219.316959381
137312 159.53207016
137281 162.961006165
137266 168.107032776
137266 173.247098923
137266 163.213014603
137266 163.424015045
137266 160.578012466
137266 162.542104721
137259 164.360046387
137254 164.772033691
137254 166.882991791
137225 163.787126541
137225 168.328046799
137225 159.337043762
137225 169.038057327
137203 168.954133987
137203 174.954175949
137203 174.349069595
137182 176.49102211
137182 166.372060776
137182 167.664051056
137182 169.126033783
137182 168.278932571
137136 159.456014633
137136 228.267908096
137136 180.168867111
137135 158.596038818
137135 161.929130554
137135 171.522855759
137135 171.758174896
137131 177.849769592
137130 164.668083191
137130 165.190935135
137120 166.718006134
137106 151.733875275
137106 173.714876175
137084 197.859048843
137082 211.913108826
137082 208.289146423
137082 168.206214905
137082 163.394927979
137082 164.045095444
137082 164.115905762
137071 164.329051971
137064 170.880079269
137064 155.072927475
137064 167.498826981
137064 167.333841324
137064 181.3621521
137064 158.732891083
137064 161.463022232
137064 163.283109665
137064 164.68000412
137040 166.749954224
137040 163.985013962
137014 172.305822372
137011 164.802789688
137011 161.198854446
137011 159.995079041
137011 160.043954849
137011 183.521986008
137011 161.888837814
137011 160.968065262
136989 168.077945709
136989 165.781021118
136989 168.95198822
136988 173.362016678
136988 153.880119324
136980 164.929151535
136980 166.325092316
136980 163.845062256
136961 158.38599205
136932 183.451890945
136920 160.50195694
136887 162.038087845
136883 162.19997406
136883 163.978815079
136876 165.592908859
136876 153.414011002
136876 164.602041245
136852 174.823999405
136837 163.486003876
136812 158.540010452
136812 162.485122681
136782 185.416936874
136751 162.868976593
136725 165.642023087
136709 163.39802742
136703 163.691997528
136698 152.956008911
136698 162.258863449
136694 173.898220062
136694 172.017812729
136694 165.709972382
136677 160.892009735
136677 162.113904953
136677 188.778162003
136677 164.00384903
136666 173.731088638
136657 175.243854523
136657 154.818058014
136657 153.894901276
136657 158.376932144
136657 158.94317627
136616 158.66112709
136600 158.916950226
136600 160.015821457
136600 161.218166351
136599 191.529035568
136599 162.657976151
136576 164.12115097
136576 151.434183121
136569 153.450012207
136569 158.066987991
136564 158.41293335
136564 158.42795372
136556 167.737007141
136548 173.414945602
136545 172.072172165
136545 169.52586174
136508 201.854944229
136508 163.616895676
136508 162.754058838
136499 154.964208603
136499 162.739038467
136471 160.938978195
136459 163.466930389
136424 169.713973999
136398 161.024093628
136382 160.717964172
136380 167.984008789
136364 167.037010193
136285 193.903923035
136285 151.647090912
136273 154.278039932
136271 157.830953598
136271 161.554098129
136271 168.88999939
136271 163.545131683
136228 164.237976074
136228 162.535190582
136228 162.048101425
136228 177.343845367
136228 176.59497261
136173 174.805879593
136154 182.241201401
136154 159.408092499
136154 162.498950958
136154 158.535957336
136154 172.927856445
136154 160.738945007
136145 161.54384613
136130 162.177801132
136130 164.762973785
136130 178.143978119
136069 166.811943054
136069 152.174949646
136048 176.307201385
136032 160.943031311
136032 160.115003586
136032 158.736944199
136006 159.516096115
136006 160.659074783
135982 161.313056946
135954 162.353038788
135954 163.440942764
135954 165.636062622
135939 152.886152267
135918 155.047893524
135918 180.550813675
135918 158.477067947
135888 158.926010132
135888 159.778833389
135863 160.718202591
135863 162.342071533
135863 164.173126221
135860 165.938138962
135845 164.853096008
135845 152.419090271
135818 154.122114182
135808 158.550977707
135787 181.512117386
135763 158.851861954
135733 160.5219841
135648 160.291910172
135636 161.27204895
135617 162.339925766
135617 163.284063339
135601 171.102046967
135601 187.619924545
135601 167.6030159
135601 162.603855133
135601 181.746006012
135601 195.775032043
135601 225.260972977
135583 173.471927643
135550 170.080184937
135542 171.466112137
135542 169.159889221
135520 164.881944656
135520 157.402992249
135520 166.09287262
135520 168.740034103
135520 162.492036819
135520 173.593044281
135520 194.391965866
135520 162.034988403
135510 164.960861206
135505 167.098045349
135437 168.417930603
135424 167.195081711
135417 162.415981293
135417 161.052942276
135417 162.166833878
135417 161.747932434
135417 160.974025726
135417 164.856910706
135397 190.43302536
135397 183.602809906
135397 169.692993164
135397 168.076992035
135363 175.958156586
135339 188.266992569
135339 163.53392601
135339 173.008918762
135326 165.311813354
135326 173.316001892
135326 163.442134857
135314 173.16699028
135314 194.594144821
135289 174.686908722
135249 167.11306572
135240 185.284852982
135208 158.038854599
135176 157.121181488
135154 160.828828812
135113 160.694122314
135113 161.199092865
135113 163.320064545
135093 163.0859375
135074 165.018081665
135039 198.738098145
135023 164.784193039
135019 163.913011551
135010 152.480840683
135001 157.059907913
135001 166.332960129
134982 160.598039627
134949 159.296035767
134931 160.378932953
134931 161.409854889
134915 170.083999634
134885 164.752960205
134885 190.913915634
134885 164.908885956
134885 152.134895325
134885 162.68992424
134885 168.95699501
134885 166.897058487
134885 164.881944656
134885 171.099185944
134858 169.108867645
134846 168.967962265
134844 184.446811676
134844 184.701919556
134844 233.205080032
