298644 2232.24496841
298624 315.469026566
298605 328.774213791
298576 328.86505127
298576 332.800865173
298556 331.623077393
298498 350.552082062
298498 400.485038757
298498 350.141048431
298485 343.402147293
298462 373.265028
298448 327.821016312
298448 408.007144928
298445 388.067960739
298442 338.110923767
298436 334.753036499
298436 334.660053253
298428 336.95602417
298428 393.764019012
298420 332.681179047
298420 324.094057083
298399 329.527139664
298399 350.193023682
298395 343.25504303
298395 414.005041122
298373 356.75406456
298368 353.711128235
298368 353.840827942
298359 365.13209343
298350 357.483148575
298350 407.322883606
298350 349.407911301
298339 354.593038559
298333 351.256847382
298333 353.257894516
298298 352.139949799
298281 414.405822754
298265 357.091188431
298246 364.963054657
298229 356.288194656
298208 351.77397728
298189 339.2162323
298174 397.979021072
298166 351.536035538
298166 352.73194313
298165 350.822925568
298165 349.068880081
298162 416.447877884
298154 356.398105621
298154 354.187011719
298134 351.39799118
298096 335.366010666
298096 351.250171661
298085 407.805919647
298021 486.557006836
297978 359.756946564
297978 341.187000275
297977 344.644069672
297977 335.102081299
297977 384.931087494
297925 338.731050491
297919 326.456069946
297919 331.192970276
297912 342.777013779
297912 334.311962128
297912 392.496109009
297912 351.886987686
297912 346.040010452
297885 355.68189621
297885 358.315944672
297885 358.751058578
297885 375.605106354
297848 348.340034485
297848 352.835178375
297845 347.028970718
297845 352.801084518
297806 424.329996109
297754 361.371040344
297754 357.257127762
297754 357.376098633
297700 362.112998962
297700 349.945068359
297691 398.445129395
297637 351.655006409
297614 356.492042542
297603 363.157987595
297594 355.983972549
297593 360.512971878
297593 410.589933395
297584 357.108831406
297580 358.911037445
297580 356.078147888
297580 340.768098831
297580 350.75712204
297567 399.739980698
297567 354.436159134
297567 350.042104721
297566 355.919837952
297566 356.302976608
297488 421.418905258
297488 356.621980667
297465 353.941917419
297446 340.256214142
297441 350.687026978
297441 356.05597496
297436 416.647911072
297435 354.728937149
297390 358.365058899
297390 357.510089874
297363 360.352993011
297335 362.504959106
297319 412.910938263
297312 345.71480751
297234 351.785898209
297229 351.467847824
297164 351.881980896
297164 352.725028992
297144 411.226987839
297137 359.146118164
297137 359.163045883
297131 359.652042389
297131 357.862949371
297131 352.734088898
297129 386.574983597
297117 354.747056961
297117 356.975078583
297115 359.160900116
297115 359.110832214
297115 421.349048615
297115 358.861923218
297042 360.659122467
297024 360.846996307
297024 354.40993309
297024 340.965986252
297024 417.294979095
296995 356.433868408
296995 359.782934189
296991 356.842041016
296991 357.230186462
296948 387.802839279
296948 420.530796051
296948 363.229990005
296917 357.787132263
296915 344.038963318
296915 379.451990128
296885 357.367992401
296885 413.419008255
296885 383.886098862
296872 357.536077499
296872 359.35997963
296806 358.839988708
296749 456.348180771
296749 359.606981277
296727 345.848798752
296710 358.131885529
296710 353.636026382
296710 358.079910278
296627 446.227788925
296622 373.855113983
296622 374.126911163
296610 384.325027466
296555 363.764047623
296555 337.164878845
296553 383.796930313
296538 325.968980789
296518 328.104972839
296506 336.980104446
296470 345.281124115
296458 332.663059235
296452 388.800144196
296414 371.944904327
296414 339.049100876
296414 337.150096893
296414 337.574005127
296393 326.725006104
296393 369.998931885
296393 331.025123596
296393 330.64699173
296392 347.410202026
296389 341.268062592
296382 394.23584938
296382 342.168092728
296377 337.213993073
296377 330.436944962
296353 318.964958191
296353 332.736968994
296353 379.139900208
296353 329.243898392
296353 330.002069473
296315 330.882072449
296308 337.938070297
296308 333.498954773
296295 384.130954742
296282 331.780910492
296282 316.685914993
296282 330.137968063
296272 327.889204025
296272 328.014135361
296264 372.986793518
296245 330.374956131
296245 336.831092834
296245 332.319974899
296238 354.786872864
296226 382.651090622
296226 396.827936172
296142 356.202125549
296142 358.464002609
296103 337.720870972
296073 340.131998062
296073 403.393983841
296073 354.113101959
296073 367.841959
296062 354.848861694
296062 350.766897202
296031 331.523180008
296019 378.560066223
295998 332.083940506
295998 330.770969391
295942 334.321022034
295942 331.485033035
295937 334.595918655
295925 381.792068481
295873 336.665153503
295873 336.396932602
295786 335.92581749
295786 318.890094757
295786 329.993009567
295781 373.247146606
295730 332.20410347
295730 333.223819733
295730 336.971998215
295730 336.410999298
295730 393.399953842
295719 338.260889053
295706 330.207109451
295706 321.213006973
295700 327.423095703
295700 330.712795258
295700 405.831813812
295700 332.002878189
295700 332.391023636
295681 333.723068237
295675 336.550951004
295675 336.412191391
295664 384.22703743
295635 318.283081055
295635 333.880901337
295626 334.443807602
295610 329.299926758
295586 330.851793289
295581 377.549886703
295557 332.654953003
295546 334.807872772
295546 358.511924744
295546 338.319778442
295527 330.5311203
295522 367.647886276
295492 338.536977768
295489 338.124990463
295477 339.040994644
295447 331.987142563
295406 389.325141907
295406 334.002017975
295395 337.409973145
295388 335.172891617
295377 330.732107162
295357 319.504022598
295338 379.127025604
295301 331.757068634
295292 334.974050522
295292 340.292215347
295292 331.755161285
295292 336.105108261
295222 385.312080383
295222 348.617076874
295222 345.295190811
295136 319.610118866
295101 330.291986465
295101 328.274011612
295084 373.842000961
295084 335.6590271
295084 331.548929214
295064 332.767963409
295064 333.562135696
295064 400.61712265
295064 343.030929565
295021 338.531970978
294994 328.926801682
294978 328.533887863
294967 345.824956894
294929 384.71698761
294920 330.679893494
294920 357.589006424
294920 350.229024887
294904 335.277080536
294904 337.291955948
294904 383.593082428
294904 331.117153168
294884 330.031871796
294884 331.722974777
294884 330.790042877
294875 350.667953491
294875 399.057865143
294864 349.22003746
294864 355.874061584
294864 355.364084244
294846 348.946809769
294778 335.584163666
294778 394.752025604
294778 348.88792038
294727 354.413986206
294683 358.20889473
294667 359.575033188
294630 424.213886261
294590 415.421962738
294590 371.315002441
294554 365.070819855
294532 351.422071457
294511 358.556985855
294511 416.759967804
294511 359.423875809
294511 348.326921463
294500 342.789888382
294489 353.066205978
294489 339.75315094
294489 404.985904694
294479 332.907915115
294474 318.399906158
294456 329.154014587
294456 332.105875015
294423 335.05487442
294418 376.538038254
294397 330.807924271
294397 333.400011063
294397 334.209918976
294397 333.441972733
294397 335.788965225
294397 351.25207901
294372 326.722145081
294357 328.285932541
294357 342.69285202
294347 332.539081573
294347 392.822980881
294347 337.547779083
294306 337.66078949
294290 339.499950409
294281 345.905065536
294268 341.269016266
294268 383.552074432
294268 329.908132553
294230 329.684019089
294230 330.918073654
294219 331.674098969
294166 332.113027573
294155 380.278110504
294145 334.028959274
294111 337.532997131
294111 331.339120865
294042 325.541973114
294042 341.138839722
294042 374.475955963
294042 331.820011139
294033 333.472967148
294033 349.921941757
293949 335.654973984
293899 398.341178894
293899 336.807966232
293899 332.19909668
293852 319.303035736
293837 327.930927277
293837 329.138040543
293837 383.95690918
293793 330.518960953
293793 332.616090775
293793 334.383964539
293793 333.508968353
293793 336.019039154
293788 380.278110504
293788 317.136049271
293788 327.37994194
293788 327.548027039
293750 330.52110672
293702 348.145008087
293661 379.191160202
293657 347.661972046
293598 333.658218384
293593 333.759069443
293559 339.452981949
293539 341.407060623
293539 374.132871628
293539 333.884954453
293502 344.933986664
293478 338.918924332
293478 335.670948029
293478 389.386892319
293478 333.925008774
293474 335.302114487
293464 335.827112198
293458 329.637765884
293440 318.228960037
293440 381.786108017
293434 328.771114349
293423 338.219165802
293423 332.036018372
293423 332.710981369
293409 334.50293541
293409 386.368989944
293409 334.989070892
293409 330.425024033
293390 326.363801956
293390 337.999820709
293383 336.349010468
293341 376.447916031
293341 332.123041153
293338 333.292961121
293325 346.577882767
293319 351.490974426
293304 394.457101822
293289 331.291913986
293285 318.578958511
293278 328.942060471
293278 351.08089447
293278 332.261800766
293270 395.000934601
293257 348.81901741
293237 352.693080902
293237 365.649938583
293210 337.230920792
293195 338.275909424
293195 384.00888443
293195 331.8400383
293189 331.435918808
293189 330.515861511
293189 332.364082336
293189 331.388950348
293112 379.924058914
293085 334.640979767
293085 335.10184288
293075 335.533857346
293045 335.6590271
293045 321.02394104
292994 371.541023254
292992 334.021806717
292992 331.736087799
292942 330.842971802
292942 336.213111877
292942 417.944908142
292930 353.267908096
292930 355.394124985
292900 349.349975586
292827 319.753170013
292827 336.275815964
292827 382.827997208
292796 334.343910217
292709 336.236953735
292709 344.232797623
292709 341.435909271
292699 337.340116501
292678 386.956214905
292673 336.124897003
292627 336.749792099
292619 330.394983292
292617 331.528902054
292617 336.802959442
292607 379.571914673
292607 330.61504364
292549 335.931062698
292522 333.837985992
292522 336.211204529
292462 335.520982742
292419 353.498220444
292419 328.907966614
292412 332.309961319
292412 331.423997879
292408 330.914974213
292408 390.920877457
292387 332.195997238
292387 334.265947342
292363 338.129043579
292363 336.16900444
292363 330.950021744
292331 370.481967926
292331 327.220916748
292331 327.481985092
292311 330.324172974
292305 330.747127533
292305 330.582141876
292305 379.426002502
292299 333.431005478
292270 334.755897522
292248 331.161022186
292248 317.680120468
292248 327.599048615
292227 372.646093369
292227 328.706026077
292219 330.601930618
292198 334.130048752
292102 340.157985687
292102 390.805006027
292102 335.562944412
292102 330.229043961
292102 320.344924927
292097 328.40013504
292097 327.537059784
292079 382.395029068
292079 330.765962601
292079 330.789089203
292055 332.050085068
292055 333.154916763
292035 334.821939468
292023 378.417015076
292023 316.858053207
292017 326.055049896
292000 326.821088791
292000 328.942060471
292000 328.384876251
292000 375.923156738
292000 331.381797791
292000 331.272125244
291994 332.582950592
291994 334.406137466
291994 328.43208313
291991 358.831882477
291991 327.136039734
291966 327.555894852
291953 329.390048981
291953 331.532001495
291936 387.429952621
291933 333.197116852
291933 337.187051773
291870 333.222150803
291870 334.125041962
291858 320.322036743
291858 379.606962204
291858 328.777074814
291858 330.237150192
291858 330.35492897
291801 331.624984741
291801 344.890832901
291788 389.945983887
291761 339.312076569
291760 338.970899582
291760 330.579042435
291760 334.144115448
291760 347.380161285
291754 392.0378685
291754 331.470966339
291718 339.184999466
291711 341.782093048
291704 343.405008316
291704 393.333911896
291704 333.185195923
291704 320.771932602
291692 331.052064896
291643 330.019950867
291640 329.984903336
291640 388.219118118
291640 333.531856537
291640 333.416938782
291633 343.816995621
291633 339.923858643
291607 343.735933304
291589 381.903886795
291589 335.182905197
291589 329.789161682
291589 343.163013458
291588 330.426931381
291565 340.057134628
291514 383.775949478
291512 341.610908508
291494 344.545125961
291482 338.911056519
291476 330.480098724
291476 323.801994324
291459 384.32097435
291459 329.950809479
291459 333.474159241
291445 329.982995987
291445 330.462932587
291445 393.626928329
291445 342.211961746
291429 338.361978531
291429 341.554164886
291429 327.496051788
291429 328.235864639
291429 419.261932373
291429 342.265844345
291429 339.277029037
291429 331.385850906
291429 344.990968704
291427 340.302944183
291411 395.491838455
291411 331.089019775
291392 319.894075394
291337 329.050064087
291333 331.786870956
291321 331.689119339
291320 376.886129379
291320 340.821027756
291313 335.718154907
291313 334.417104721
291313 335.610151291
291305 336.668968201
291244 355.129003525
291244 330.347061157
291237 330.272197723
291227 329.015016556
291227 329.80799675
291184 385.66493988
291158 329.99920845
291142 333.333015442
291142 334.073066711
291142 333.75287056
291132 330.978870392
291132 368.430137634
291132 327.361106873
291123 328.567028046
291063 329.617023468
291040 332.696199417
291040 332.674026489
291040 379.255056381
291040 333.389043808
291022 334.506034851
290992 328.659057617
290992 316.476106644
290992 327.664852142
290992 370.143890381
290989 329.247951508
290974 331.393003464
290974 333.693027496
290962 330.413818359
290950 391.978979111
290950 332.845926285
290948 327.579975128
290948 317.014932632
290948 327.719926834
290948 326.844930649
290948 382.681131363
290948 328.994989395
290948 329.102993011
290907 331.82311058
290894 331.964015961
290894 332.110881805
290891 379.065990448
290840 316.776990891
290840 325.418949127
290838 326.700925827
290838 326.063156128
290838 326.901912689
290805 376.862049103
290780 331.108808517
290780 331.546068192
290780 333.535909653
290780 334.186077118
290780 328.074932098
290780 359.43198204
290766 326.318979263
290762 327.66699791
290710 330.388069153
290701 330.645084381
290701 387.874126434
290698 340.95788002
290651 337.946176529
290651 334.744930267
290643 389.194965363
290643 323.879957199
290643 386.773824692
290624 336.610078812
290624 331.264019012
290624 331.844091415
290571 333.208084106
290558 333.348989487
290558 433.790922165
290558 347.403049469
290558 363.64197731
290558 345.119953156
290497 403.93614769
290485 339.09702301
290473 407.464027405
290467 517.567873001
290467 409.639120102
290442 353.754997253
290439 343.085050583
290431 412.76216507
290424 339.107990265
290424 329.480886459
290401 366.966962814
290393 362.228155136
290390 356.439113617
290349 396.469116211
290316 339.637994766
290316 335.757017136
290316 340.099096298
290240 335.129022598
290237 338.177919388
290176 385.377168655
290162 331.163167953
290152 335.146903992
290147 337.159872055
290120 335.323095322
290120 342.273950577
290111 391.969919205
290079 335.688829422
290079 341.218948364
290066 336.706876755
290055 332.52120018
290055 322.920084
290055 374.027013779
290055 330.164909363
290055 334.921121597
290055 331.43901825
290055 332.305908203
290035 393.502950668
289989 337.162971497
289989 336.660861969
289989 331.831932068
289989 317.650079727
289988 327.951192856
289988 383.301019669
289967 329.446077347
289945 331.132888794
289935 333.310127258
289906 333.611965179
289859 333.565950394
289859 387.19701767
289853 333.168983459
289853 324.501991272
289853 333.150148392
289834 334.876060486
289834 337.681055069
289834 380.840063095
289808 333.283901215
289801 336.645126343
289788 337.723016739
289788 335.35695076
289777 339.798927307
289755 380.663871765
289755 342.926979065
289742 334.074020386
289742 340.890169144
289742 336.626052856
289692 398.796081543
289692 336.23290062
289685 337.420940399
289685 337.867975235
289685 338.881969452
289685 332.945108414
289685 379.5170784
289685 333.718061447
289685 332.230091095
289666 330.623865128
289647 334.051132202
289647 336.550951004
289647 385.792970657
289647 371.248006821
289647 357.576847076
289647 336.06004715
289647 325.965166092
289623 350.516080856
289622 378.505945206
289622 339.688062668
289618 333.050966263
289618 331.048965454
289606 333.717823029
289606 392.889976501
289606 335.167884827
289598 331.841945648
289561 317.720174789
289493 326.503038406
289484 328.668117523
289484 388.849020004
289477 330.846071243
289461 332.885980606
289461 332.035064697
289461 332.252979279
289461 335.167884827
289461 379.181146622
289461 318.032979965
289461 328.052997589
289458 328.005075455
289458 328.13501358
289433 329.772949219
289433 376.847028732
289433 332.184791565
289433 334.764957428
289411 334.357023239
289411 333.479166031
289406 330.984115601
289361 359.68708992
289361 326.908826828
289361 328.535079956
289328 330.441951752
289328 330.006122589
289328 391.252994537
289328 336.704969406
289301 333.919048309
289301 336.004972458
289301 331.17890358
289273 318.372011185
289273 380.887985229
289273 328.746080399
289273 329.812049866
289273 333.737134933
289261 331.487178802
289261 332.697153091
289261 383.965969086
289250 336.886882782
289250 332.221031189
289250 323.491811752
289228 330.557823181
289228 332.749128342
289186 377.649068832
289186 335.916042328
289186 337.725877762
289177 333.822011948
289113 334.077835083
289070 398.468017578
289046 331.300020218
289046 317.262887955
289045 329.821109772
289045 331.583976746
289040 328.889131546
289009 383.615016937
289000 335.205078125
289000 333.153009415
288965 338.091850281
288961 335.577964783
288953 334.519863129
288953 384.109020233
288953 335.76798439
288946 332.281112671
288946 333.253860474
288946 335.997104645
288940 337.126970291
288940 378.071069717
288928 333.467960358
288922 333.235025406
288922 335.134983063
288895 331.947088242
288883 327.642917633
288879 373.142004013
288879 329.357862473
288879 329.464912415
288843 329.829931259
288773 334.903001785
288773 392.069816589
288773 335.625171661
288773 341.793060303
288773 354.890108109
288734 363.540887833
288728 393.711090088
288728 434.520959854
288728 344.253778458
288679 338.505983353
288679 347.965955734
288643 352.169036865
288643 341.524839401
288643 397.927999496
288595 343.067884445
288552 322.557926178
288522 330.541849136
288513 328.876018524
288510 330.66701889
288510 382.424116135
288510 334.110975266
288508 337.709903717
288496 338.096141815
288492 336.172103882
288492 336.910963058
288479 353.344917297
288479 330.956935883
288479 330.784082413
288479 330.112934113
288479 331.048965454
288438 389.629840851
288438 332.348108292
288438 334.524869919
288437 334.165811539
288437 334.284067154
288388 330.428123474
288382 371.096849442
288371 329.854011536
288343 331.092834473
288343 332.736968994
288343 336.106061935
288343 334.812164307
288343 384.010076523
288311 336.9140625
288305 341.120004654
288305 342.751026154
288270 332.659006119
288235 336.951971054
288228 376.055002213
288228 339.138031006
288223 333.729028702
288223 334.576845169
288205 336.201190948
288202 399.584054947
288193 339.533090591
288114 331.472873688
288114 320.239067078
288111 335.682153702
288111 340.1927948
288106 394.168138504
288106 341.548919678
288106 335.019111633
288102 332.961797714
288102 344.203948975
288081 348.155021667
288081 384.019136429
288081 322.041034698
288067 340.054988861
288067 340.490818024
288067 334.792137146
288062 331.242084503
288055 380.823135376
288053 337.545871735
288009 336.747169495
288009 346.116065979
288006 352.334976196
288006 339.505910873
288006 362.772941589
287976 334.267854691
287976 338.979959488
287976 340.074777603
287976 334.86199379
287976 393.155813217
287952 337.709903717
287921 340.298891068
287921 338.402032852
287841 345.997095108
287828 342.198133469
287823 386.240959167
287823 333.071947098
287794 341.320037842
287794 359.614133835
287794 337.421894073
287794 347.691059113
287757 389.535188675
287757 338.625192642
287757 335.484027863
287757 361.284017563
287675 354.63809967
287633 397.066116333
287613 418.133020401
287570 356.723070145
287569 367.475986481
287569 358.480215073
287569 349.117994308
287569 407.824993134
287569 344.408988953
287569 319.062948227
287549 331.867933273
287549 333.940029144
287549 330.262899399
287549 392.866849899
287528 334.187030792
287475 334.449052811
287462 335.870027542
287462 337.813854218
287444 336.071968079
287435 381.828069687
287378 326.471805573
287378 328.457117081
287378 330.566167831
287346 331.949949265
287310 330.097913742
287237 380.338907242
287213 334.323883057
287176 333.88209343
287176 336.018800735
287173 330.288887024
287173 317.191123962
287173 371.463060379
287101 328.736066818
287076 330.676078796
287066 334.389925003
287062 332.875967026
287061 389.331817627
287061 334.77306366
287048 334.55491066
287048 331.09498024
287024 319.374084473
287024 326.575040817
286978 382.371902466
286972 331.90202713
286949 331.640005112
286906 331.675052643
286906 335.972070694
286906 339.126110077
286898 394.093990326
286898 331.311941147
286898 318.127155304
286898 326.499938965
286898 329.211950302
286894 328.862905502
286878 374.775886536
286878 331.413030624
286871 331.236839294
286871 332.394123077
286871 334.667921066
