18179 32.506942749
18170 15.7310962677
18163 15.7339572906
18163 15.5458450317
18159 15.6569480896
18151 15.71393013
18145 15.615940094
18110 15.615940094
18110 16.1581039429
18106 15.6359672546
18083 15.692949295
18064 15.6090259552
18064 15.702009201
18058 15.6259536743
18053 15.6660079956
18032 15.7809257507
18032 15.5880451202
18024 15.6319141388
17996 15.6331062317
17977 16.4241790771
17977 15.8491134644
17977 15.692949295
17977 15.6297683716
17962 15.7039165497
17962 15.652179718
17949 15.7489776611
17883 15.6419277191
17883 15.7001018524
17872 15.7430171967
17872 15.6800746918
17872 15.7701969147
17872 15.5670642853
17831 15.7430171967
17824 15.6590938568
17800 15.7899856567
17790 15.5899524689
17790 15.5620574951
17777 15.8441066742
17776 16.7870521545
17775 16.6940689087
17775 17.5628662109
17765 16.9038772583
17754 16.6528224945
17722 16.6070461273
17722 16.7140960693
17722 16.5657997131
17722 16.6320800781
17713 16.2439346313
17703 16.0779953003
17703 16.8349742889
17703 16.7460441589
17672 16.7419910431
17672 17.1718597412
17663 16.9360637665
17636 16.6680812836
17636 16.685962677
17636 16.6800022125
17636 16.4051055908
17618 15.7740116119
17618 15.6750679016
17618 15.7449245453
17595 15.8720016479
17580 16.6540145874
17552 16.2448883057
17552 15.8360004425
17540 15.7029628754
17540 15.6490802765
17540 15.8529281616
17518 16.4430141449
17518 16.0939693451
17506 16.2720680237
17506 16.1409378052
17487 16.0849094391
17487 16.1960124969
17480 16.2110328674
17480 16.1330699921
17465 16.2580013275
17439 16.1671638489
17439 16.2758827209
17439 16.4601802826
17426 16.4709091187
17426 16.1170959473
17406 16.0820484161
17383 16.0989761353
17383 16.263961792
17368 16.0870552063
17362 16.0708427429
17362 16.0191059113
17362 16.0999298096
17304 16.1118507385
17301 16.0939693451
17233 16.0779953003
17233 15.9111022949
17233 16.321182251
17233 16.0009860992
17217 15.8979892731
17217 16.0150527954
17194 16.1130428314
17189 16.065120697
17186 15.9728527069
17186 16.184091568
17168 16.1941051483
17165 16.0980224609
17165 16.2658691406
17165 15.9621238708
17123 15.7988071442
17059 15.6137943268
17059 15.6328678131
17059 15.636920929
17020 15.750169754
17001 15.6219005585
17000 15.6688690186
16995 15.9521102905
16981 16.0009860992
16966 15.9330368042
16944 15.7799720764
16944 16.0388946533
16944 18.9249515533
16941 15.5200958252
16941 15.6240463257
16941 16.0629749298
16941 15.664100647
16936 15.6059265137
16934 16.0357952118
16923 17.8329944611
16923 17.1880722046
16922 17.1120166779
16922 16.8330669403
16906 16.6249275208
16861 16.7169570923
16844 17.235994339
16839 16.6759490967
16839 16.6659355164
16839 16.6261196136
16839 16.8130397797
16839 17.2040462494
16839 16.863822937
16818 16.6969299316
16818 16.6759490967
16811 16.872882843
16783 16.9529914856
16783 16.813993454
16783 16.8228149414
16783 16.8778896332
16775 17.009973526
16752 16.8290138245
16752 16.7560577393
16752 16.7670249939
16732 16.7460441589
16732 16.7720317841
16721 16.7980194092
16707 16.9079303741
16696 17.4088478088
16696 17.7419185638
16696 17.3652172089
16696 16.7729854584
16696 16.8159008026
16637 16.4639949799
16609 16.2229537964
16571 16.6120529175
16545 16.303062439
16513 17.1601772308
16513 16.1550045013
16510 15.6161785126
16494 15.6269073486
16450 15.7990455627
16432 15.5901908875
16428 15.6290531158
16427 15.597820282
16411 15.6669616699
16403 15.5098438263
16403 15.7570838928
16403 15.5789852142
16403 15.4981613159
16376 15.5708789825
16376 15.6009197235
16376 15.5971050262
16376 15.851020813
16329 15.7101154327
16329 15.5940055847
16327 15.6090259552
16327 15.6760215759
16327 15.6171321869
16327 15.5940055847
16327 15.8219337463
16327 15.5720710754
16327 16.8468952179
16327 15.7217979431
16318 15.5689716339
16295 15.7108306885
16293 15.6490802765
16293 15.7709121704
16285 17.1680450439
16268 20.3590393066
16268 17.5440311432
16268 17.5700187683
16249 17.4310207367
16244 15.7570838928
16244 16.4401531219
16240 16.1440372467
16240 15.5799388885
16226 15.7821178436
16209 15.6419277191
16198 15.7492160797
16193 15.6259536743
16157 15.6979560852
16157 15.7861709595
16157 15.7589912415
16157 15.6500339508
16110 15.8641338348
16110 15.6829357147
16110 15.8188343048
16110 15.7299041748
16110 15.918970108
16076 15.9709453583
16076 15.7368183136
16041 16.0210132599
15994 15.8820152283
15994 15.7539844513
15994 17.0838832855
15976 15.6810283661
15966 15.6660079956
15966 16.4620876312
15966 15.7790184021
15926 15.6989097595
15926 15.7911777496
15926 15.6879425049
15926 16.037940979
15898 15.6719684601
15898 15.743970871
15898 15.625
15898 16.1871910095
15898 15.8162117004
15883 15.7940387726
15883 15.7980918884
15866 15.8078670502
15864 15.7339572906
15857 15.8100128174
15857 15.6800746918
15857 15.7661437988
15857 15.7630443573
15837 15.7649517059
15837 15.7508850098
15837 15.7430171967
15763 15.7461166382
15736 15.6710147858
15736 15.6788825989
15685 15.7518386841
15670 15.8181190491
15658 15.7508850098
15632 18.8200473785
15632 15.6650543213
15592 15.8059597015
15588 15.8281326294
15588 15.7699584961
15547 15.682220459
15547 15.615940094
15529 15.7489776611
15525 15.6300067902
15517 15.762090683
15516 15.6610012054
15516 15.8178806305
15516 15.811920166
15516 15.6681537628
15498 15.6960487366
15483 15.7458782196
15483 15.7558917999
15476 15.8441066742
15458 15.7239437103
15458 16.2448883057
15458 15.8460140228
15458 15.7999992371
15458 15.6600475311
15430 15.7699584961
15380 16.1368846893
15380 15.6998634338
15379 15.71393013
15367 15.8708095551
15367 16.2420272827
15354 15.762090683
15354 15.9170627594
15354 15.8751010895
15349 15.8109664917
15349 15.8078670502
15349 15.8109664917
15349 15.8739089966
15329 15.9389972687
15319 16.0210132599
15319 15.7718658447
15319 15.8789157867
15315 15.869140625
15274 15.820980072
15274 15.8219337463
15274 15.9230232239
15259 15.9049034119
15259 15.7840251923
15259 15.8231258392
15259 15.8338546753
15230 15.9487724304
15230 15.9268379211
15230 15.8839225769
15230 15.8469676971
15230 16.0431861877
15202 15.8269405365
15202 15.8309936523
15202 15.8090591431
15202 16.5531635284
15145 16.5510177612
15145 15.9828662872
15145 15.8221721649
15118 15.930891037
15118 15.9258842468
15118 15.9049034119
15102 15.8398151398
15091 15.8669948578
15091 15.9320831299
15086 16.6249275208
15076 15.9311294556
14999 15.8891677856
14999 15.9010887146
14999 15.8309936523
14999 15.8269405365
14997 16.0369873047
14947 15.8610343933
14923 16.0069465637
14923 15.9130096436
14923 15.8228874207
14889 15.9130096436
14889 15.878200531
14854 15.8720016479
14853 16.0551071167
14853 16.1330699921
14840 15.9778594971
14840 15.8281326294
14840 15.9549713135
14840 15.8581733704
14840 16.4730548859
14840 15.9151554108
14814 15.9800052643
14814 15.8669948578
14814 15.8870220184
14814 15.8531665802
14814 15.8720016479
14814 15.9299373627
14810 16.4878368378
14810 16.0701274872
14803 15.9258842468
14796 15.7868862152
14796 15.781879425
14796 15.8410072327
14796 15.9120559692
14729 15.8159732819
14729 15.8729553223
14668 15.9151554108
14666 15.80286026
14648 15.8541202545
14644 15.8629417419
14644 15.9010887146
14644 15.89012146
14640 15.8879756927
14640 15.8331394196
14637 15.7999992371
14614 15.9530639648
14609 15.9368515015
14585 15.8817768097
14545 15.8870220184
14545 15.881061554
14545 15.8848762512
14531 15.8340930939
14522 15.8841609955
14522 16.0388946533
14522 15.8460140228
14510 15.7880783081
14510 15.8460140228
14510 15.8009529114
14510 15.8340930939
14510 15.8920288086
14510 15.8588886261
14510 15.9318447113
14510 15.8100128174
14510 15.7999992371
14458 15.7968997955
14407 16.4711475372
14394 19.168138504
14393 15.8050060272
14374 15.8247947693
14366 15.5849456787
14328 15.7029628754
14322 15.6259536743
14322 15.8870220184
14318 15.5401229858
14293 15.7380104065
14286 15.6750679016
14286 15.6230926514
14286 15.6869888306
14286 16.1068439484
14248 15.7568454742
14241 15.6538486481
14241 15.6300067902
14241 15.7239437103
14241 15.7399177551
14241 15.6300067902
14233 16.932964325
14233 17.7409648895
14231 17.4469947815
14231 16.6919231415
14231 15.8360004425
14228 15.8030986786
14224 16.7479515076
14224 16.5688991547
14224 15.6919956207
14162 15.7790184021
14159 15.7489776611
14159 15.8920288086
14149 15.8019065857
14113 15.7718658447
14113 15.7649517059
14097 15.7310962677
14091 15.7539844513
14091 16.4110660553
14091 15.8331394196
14090 15.918970108
14090 15.7399177551
14060 15.7060623169
14059 15.7589912415
14050 15.6898498535
14050 15.7380104065
14050 15.8469676971
14048 15.7809257507
14048 15.7299041748
14048 15.771150589
14048 15.8069133759
14047 15.702009201
14047 15.6948566437
14047 15.7449245453
14047 15.6178474426
14047 16.0849094391
14042 15.7279968262
14042 15.7968997955
14015 15.7508850098
14015 15.8040523529
13992 15.8030986786
13975 15.6409740448
13975 15.8638954163
13965 15.6791210175
13965 15.6400203705
13965 15.7470703125
13938 15.6741142273
13938 15.7120227814
13912 15.8779621124
13908 15.6650543213
13908 15.6860351562
13908 15.7091617584
13874 16.273021698
13866 15.8259868622
13862 15.7659053802
13817 15.6490802765
13817 16.1850452423
13797 15.7690048218
13797 15.7289505005
13788 15.7060623169
13781 15.6509876251
13781 15.6700611115
13781 15.7170295715
13773 15.6400203705
13773 15.7461166382
13773 15.8171653748
13708 15.8009529114
13708 15.6819820404
13679 15.6750679016
13673 15.6779289246
13673 15.7129764557
13673 15.8140659332
13673 15.6700611115
13670 15.7170295715
13670 15.6428813934
13670 15.7878398895
13670 15.6719684601
13670 15.7499313354
13670 15.8488750458
13670 15.6688690186
13614 15.6998634338
13614 15.6400203705
13614 15.7239437103
13614 15.7041549683
13559 15.8910751343
13559 15.7308578491
13559 15.7098770142
13556 15.6679153442
13555 15.7451629639
13543 15.6869888306
13535 15.792131424
13535 15.7570838928
13535 15.6891345978
13535 15.6669616699
13535 16.0839557648
13535 0.018835067749
13524 15.7630443573
13513 15.6760215759
13513 15.8290863037
13513 15.7079696655
13513 15.5889987946
13513 15.6269073486
13513 15.753030777
13491 15.928030014
13491 16.6192054749
13491 15.7940387726
13491 15.6960487366
13491 15.7191753387
13481 15.7790184021
13481 15.6879425049
13474 15.7039165497
13473 15.820980072
13441 15.7029628754
13441 15.6610012054
13441 15.6409740448
13441 15.9130096436
13438 18.8739299774
13438 15.7690048218
13438 15.664100647
13430 15.6199932098
13412 15.7179832458
13402 15.7120227814
13384 15.7330036163
13384 15.7787799835
13384 15.8269405365
13384 15.8381462097
13384 15.7859325409
13379 15.7499313354
13379 15.8271789551
13379 15.7270431519
13379 15.8410072327
13379 15.7499313354
13379 15.6791210175
13379 16.3180828094
13375 15.8379077911
13375 15.7752037048
13366 15.7170295715
13366 15.7849788666
13359 15.6629085541
13282 15.6791210175
13282 15.8150196075
13281 15.6848430634
13281 15.7628059387
13281 15.8498287201
13281 15.643119812
13281 15.664100647
13273 15.7680511475
13260 15.7148838043
13256 15.7918930054
13256 15.6898498535
13256 15.8200263977
13239 15.6910419464
13239 15.8247947693
13224 15.750169754
13221 15.7520771027
13187 15.7639980316
13187 15.732049942
13187 15.7070159912
13187 15.7279968262
13187 15.7690048218
13187 15.6719684601
13184 15.741109848
13184 15.734910965
13184 15.9108638763
13183 15.7990455627
13183 15.7451629639
13167 15.7339572906
13148 15.7611370087
13142 15.939950943
13106 16.0210132599
13106 15.9499645233
13097 16.5138244629
13097 16.1361694336
13080 15.9502029419
13080 15.9549713135
13080 16.1800384521
13080 16.0958766937
13080 15.9721374512
13080 16.0629749298
13080 16.419172287
13041 15.7918930054
13041 15.7251358032
13041 15.8429145813
13041 15.753030777
13041 15.8138275146
13041 15.7179832458
13041 15.725851059
13041 15.8090591431
13026 16.0000324249
13024 15.732049942
13006 15.7539844513
13006 15.7511234283
12949 15.7179832458
12929 15.7630443573
12893 15.7058238983
12873 15.8941745758
12871 15.7790184021
12871 15.771150589
12871 16.5200233459
12871 15.7639980316
12854 15.9080028534
12854 15.9010887146
12843 15.9358978271
12829 16.0629749298
12826 15.8050060272
12826 15.7268047333
12826 15.8460140228
12826 15.7470703125
12826 15.9590244293
12826 17.8070068359
12826 17.6680088043
12826 17.5049304962
12821 17.6470279694
12821 15.7079696655
12821 15.8460140228
12821 16.8349742889
12791 15.8188343048
12773 15.7239437103
12773 15.9471035004
12773 16.2370204926
12773 15.969991684
12753 15.8090591431
12753 15.7589912415
12751 15.7849788666
12751 15.8779621124
12751 15.7420635223
12739 15.8369541168
12731 16.1638259888
12731 15.8581733704
12731 16.0219669342
12725 15.7759189606
12725 15.8710479736
12725 15.7361030579
12725 15.8739089966
12692 15.89012146
12692 15.7930850983
12692 15.8998966217
12672 15.7580375671
12672 15.7480239868
12672 15.7961845398
12669 15.7887935638
12669 15.7449245453
12667 15.7699584961
12647 15.6719684601
12647 15.6989097595
12638 15.655040741
12638 16.3149833679
12638 15.9180164337
12598 15.8162117004
12594 18.9349651337
12594 15.7878398895
12594 15.6829357147
12594 15.9161090851
12588 15.7511234283
12588 16.1590576172
12588 15.7840251923
12588 15.741109848
12563 15.7270431519
12525 15.7890319824
12525 15.7849788666
12478 15.7318115234
12469 15.878200531
12469 15.7577991486
12454 15.811920166
12454 15.7058238983
12454 15.9292221069
12454 15.734910965
12454 15.781879425
12454 15.7239437103
12445 15.7032012939
12425 15.8190727234
12425 15.8681869507
12425 15.8360004425
12425 15.9111022949
12425 15.7980918884
12410 15.8629417419
12399 15.7289505005
12399 15.7480239868
12386 15.9208774567
12386 15.8309936523
12386 15.8100128174
12386 15.9568786621
12382 15.7701969147
12377 16.0119533539
12377 16.9808864594
12377 15.8879756927
12348 15.7988071442
12348 16.2498950958
12333 15.8851146698
12333 15.8519744873
12333 15.8400535583
12329 16.6461467743
12329 15.8259868622
12317 15.7890319824
12311 15.9080028534
12311 15.820980072
12301 15.7940387726
12301 16.0920619965
12288 15.89012146
12288 15.8240795135
12261 15.9749984741
12254 15.8228874207
12254 15.7871246338
12248 15.9299373627
12248 15.8491134644
12248 15.8848762512
12248 15.8491134644
12248 15.8998966217
12248 15.7949924469
12188 15.9590244293
12188 15.9499645233
12188 15.8660411835
12171 15.9060955048
12171 16.0000324249
12171 15.8240795135
12171 15.8939361572
12135 16.0238742828
12135 15.8200263977
12135 15.7980918884
12130 15.9049034119
12130 15.811920166
12130 16.5388584137
12130 16.1049365997
12130 15.8920288086
12130 15.8679485321
12130 15.8929824829
12130 15.7399177551
12130 15.8319473267
12130 15.9959793091
12130 15.9821510315
12129 15.8619880676
12129 15.8538818359
12127 15.7771110535
12127 15.930891037
12124 15.8038139343
12099 15.9361362457
12099 15.8469676971
12099 15.7978534698
12099 15.7809257507
12099 15.8379077911
12099 15.7980918884
12085 15.820980072
12085 15.9351825714
12085 15.80286026
12085 15.7611370087
12073 15.9158706665
12073 15.8040523529
12073 15.8689022064
12073 15.9668922424
12061 15.7849788666
12043 15.8019065857
12043 15.9430503845
12043 15.8231258392
12043 15.8360004425
12043 15.9299373627
12043 15.9530639648
12043 15.8770084381
12032 16.056060791
12032 15.9289836884
12032 16.3888931274
12028 16.058921814
12028 16.1061286926
12028 16.6850090027
12028 15.8889293671
12028 16.06798172
12028 15.8200263977
12028 15.8748626709
11991 16.0050392151
11979 15.8281326294
11979 15.9680843353
11979 15.8498287201
11979 15.7289505005
11979 15.8770084381
11979 15.8610343933
11979 15.8689022064
11979 15.9211158752
11979 15.8090591431
11979 15.8159732819
11979 15.8650875092
11979 16.0100460052
11979 15.9029960632
11979 16.007900238
11979 18.8930034637
11968 15.7389640808
11968 15.8109664917
11968 16.5469646454
11968 15.8541202545
11959 15.8948898315
11959 15.8569812775
11959 15.7542228699
11954 15.7721042633
11954 15.7999992371
11954 15.7911777496
11924 15.9378051758
11924 15.9299373627
11924 15.8720016479
11924 16.3018703461
11907 15.8410072327
11907 15.7351493835
11907 15.9270763397
11907 15.9180164337
11899 15.7999992371
11890 15.8050060272
11878 15.8858299255
11878 15.9080028534
11878 15.7828330994
11878 16.4129734039
11878 15.8438682556
11864 15.9060955048
11862 15.80286026
11862 15.8598423004
11862 15.8910751343
11862 16.1490440369
11862 17.7140235901
11831 17.7140235901
11829 17.8329944611
11824 16.0810947418
11824 15.8569812775
11824 16.4778232574
11824 16.9239044189
11820 16.0131454468
11812 15.8350467682
11806 15.8698558807
11806 15.8619880676
11806 16.0708427429
11783 16.0121917725
11783 15.8219337463
11783 15.8560276031
11783 15.9029960632
11783 16.0708427429
11783 15.9430503845
11783 15.9969329834
11765 15.9108638763
11765 16.2830352783
11760 16.0069465637
11760 15.988111496
11760 15.9261226654
11760 15.9919261932
11740 15.9749984741
11726 15.9459114075
11726 15.8410072327
11726 16.4170265198
11690 16.2029266357
11690 16.0980224609
11667 16.1859989166
11667 16.0300731659
11667 15.8619880676
11667 15.8281326294
11667 16.016960144
11667 15.9339904785
11667 16.2270069122
11667 16.0059928894
11651 15.9718990326
11651 15.9962177277
11644 16.0350799561
11644 15.921831131
11644 16.2651538849
11631 15.8789157867
11631 15.8629417419
11617 15.9549713135
11600 15.9118175507
11591 16.0150527954
11591 15.7849788666
11577 16.0100460052
11576 16.1168575287
11534 15.8557891846
11534 16.0131454468
11534 15.8269405365
11515 16.0410404205
11515 16.1650180817
11515 15.8929824829
11515 16.9160366058
11515 16.2069797516
11512 15.9850120544
11512 15.7930850983
11512 16.1480903625
11512 15.851020813
11512 15.998840332
11512 16.9439315796
11502 15.8829689026
11502 15.7499313354
11502 16.0748958588
11491 15.9049034119
11491 16.1700248718
11491 15.9740447998
11491 15.8529281616
11458 16.1681175232
11458 15.9909725189
11457 16.0958766937
11443 16.0019397736
11443 15.9230232239
11423 15.8720016479
11423 15.8629417419
11423 15.6888961792
11423 16.2880420685
11415 15.9261226654
11415 15.8929824829
11415 16.0019397736
11412 15.9029960632
11412 15.9101486206
11412 16.0479545593
11406 16.2408351898
11376 16.2189006805
11376 16.2091255188
11376 16.1919593811
11376 16.0248279572
11376 15.8779621124
11376 15.9800052643
11376 15.9749984741
11376 15.8729553223
11362 16.1650180817
11362 15.9869194031
11362 15.7730579376
11345 16.1890983582
11338 16.1309242249
11338 19.2000865936
11325 16.0279273987
11325 15.8171653748
11319 15.8140659332
11319 16.0949230194
11319 16.2529945374
11298 15.8171653748
11298 15.9330368042
11298 15.7351493835
11285 15.9568786621
11285 15.7849788666
11285 16.0071849823
11285 15.8309936523
11285 16.1101818085
11283 16.0269737244
11281 15.8801078796
11273 16.499042511
11239 16.0880088806
11239 15.9070491791
11239 16.0977840424
11229 15.9380435944
11229 16.214132309
11229 15.860080719
11229 15.7749652863
11229 16.1259174347
11229 16.0810947418
11154 15.93708992
11103 16.2029266357
11103 16.3969993591
11085 16.2460803986
11082 18.0020332336
11082 17.5449848175
11082 17.6591873169
11082 17.2829627991
11072 17.4140930176
11064 17.44389534
11047 17.3439979553
11047 17.4279212952
11047 17.434835434
11046 17.6248550415
11045 17.6191329956
11004 17.5127983093
11004 16.7291164398
11004 15.9180164337
10990 15.9909725189
10990 15.8660411835
10990 15.9058570862
10990 15.9220695496
10990 16.0610675812
10981 15.946149826
10957 15.9418582916
10955 15.8638954163
10951 16.0238742828
10951 15.9339904785
10951 15.9571170807
10934 16.4949893951
10934 15.9289836884
10934 15.8770084381
10934 16.0188674927
10924 15.9540176392
10924 16.0119533539
10924 16.0179138184
10924 15.8669948578
10922 15.8689022064
10897 15.9339904785
10877 15.8791542053
10868 16.0160064697
10854 16.0350799561
10827 15.9559249878
10827 15.8181190491
10803 15.9418582916
10782 15.8557891846
10782 16.0291194916
10782 15.949010849
10782 16.0000324249
10782 15.9480571747
10782 15.8658027649
10782 15.928030014
10782 15.881061554
10782 15.9368515015
10782 15.9759521484
10764 15.8100128174
10753 15.8340930939
10753 15.8030986786
10753 15.9850120544
