1998 6.96682929993
1998 6.49690628052
1948 5.92398643494
1914 5.65099716187
1905 5.39302825928
1894 5.2227973938
1890 5.16986846924
1875 4.85610961914
1875 4.90307807922
1872 4.66895103455
1863 4.65297698975
1849 4.71782684326
1849 4.61006164551
1828 4.63604927063
1823 4.64391708374
1785 4.6591758728
1785 4.69708442688
1785 4.65703010559
1778 4.79698181152
1766 4.69589233398
1766 4.70185279846
1766 4.75287437439
1760 4.83107566833
1750 4.73189353943
1720 4.62102890015
1690 5.10191917419
1690 4.70209121704
1677 4.60886955261
1649 4.76980209351
1694 0.0400543212891
1686 5.03492355347
1686 4.87589836121
1684 4.75692749023
1684 4.75907325745
1662 4.802942276
1662 4.71091270447
1662 4.71901893616
1617 4.74905967712
1594 4.82892990112
1572 4.7869682312
1557 4.73117828369
1548 4.75597381592
1548 4.91213798523
1548 4.82082366943
1538 4.78506088257
1538 4.8291683197
1521 4.87685203552
1516 4.82201576233
1516 4.94194030762
1448 4.25481796265
1448 4.30607795715
1435 4.25696372986
1435 4.36806678772
1425 4.5850276947
1439 0.0431537628174
1439 4.7869682312
1424 4.41694259644
1418 4.47607040405
1404 4.50015068054
1398 4.42290306091
1397 4.40001487732
1431 0.0300407409668
1431 4.47797775269
1406 4.49800491333
1406 4.4481754303
1406 4.49776649475
1406 4.57715988159
1406 4.51803207397
1385 3.89003753662
1385 3.89313697815
1385 4.01210784912
1385 3.94701957703
1385 0.018835067749
1385 3.91602516174
1385 3.92889976501
1385 3.92389297485
1371 4.05716896057
1366 3.94487380981
1358 3.95512580872
1358 3.93891334534
1358 4.26197052002
1358 4.25004959106
1358 4.26316261292
1358 4.12392616272
1358 0.0269412994385
1358 0.0178813934326
1358 4.24981117249
1355 4.01997566223
1355 4.02498245239
1347 4.13799285889
1347 4.10294532776
1315 4.06503677368
1315 4.07600402832
1315 4.08911705017
1315 4.11891937256
1315 4.08601760864
1315 4.0979385376
1315 4.21500205994
1315 4.23908233643
1310 4.16111946106
1310 4.14395332336
1310 0.0209808349609
1310 4.4469833374
1310 4.21404838562
1310 0.0209808349609
1282 3.33118438721
1274 3.35311889648
1274 3.35001945496
1263 3.40509414673
1263 3.50117683411
1263 3.49712371826
1263 3.36885452271
1263 3.42488288879
1263 3.57389450073
1262 3.56698036194
1262 3.52787971497
1262 3.741979599
1262 0.0290870666504
1262 3.48305702209
1262 0.0200271606445
1262 3.54313850403
1262 3.50785255432
1262 0.0231266021729
1241 3.4511089325
1241 3.48901748657
1241 0.0200271606445
1240 3.69381904602
1240 3.57699394226
1233 3.53503227234
1231 3.54909896851
1218 3.55982780457
1213 3.58581542969
1213 0.0247955322266
1213 3.61490249634
1213 3.57985496521
1213 3.59702110291
1213 0.0209808349609
1213 0.0178813934326
1213 3.55505943298
1206 3.61204147339
1206 3.62300872803
1206 0.0190734863281
1206 3.61394882202
1206 0.0200271606445
1206 3.72385978699
1206 0.0250339508057
1206 0.0190734863281
1206 0.0171661376953
1205 3.68499755859
1204 3.63111495972
1182 0.0159740447998
1182 3.73601913452
1182 3.68213653564
1182 0.0219345092773
1182 3.81398200989
1167 3.73983383179
1167 3.91507148743
1161 3.91101837158
1161 0.0278949737549
1152 3.91101837158
1152 0.0259876251221
1152 0.0190734863281
1146 3.78489494324
1146 3.75914573669
1146 3.76296043396
1146 0.0219345092773
1144 4.03690338135
1144 0.0240802764893
1144 0.0219345092773
1130 3.9439201355
1116 3.8001537323
1116 3.80492210388
1113 0.0200271606445
1110 3.82399559021
1110 0.0200271606445
1110 0.0171661376953
1110 0.0159740447998
1110 0.0169277191162
1110 0.0171661376953
1110 0.014066696167
1110 3.96585464478
1101 3.87215614319
1101 3.88312339783
1101 0.0219345092773
1098 3.86500358582
1098 0.0209808349609
1098 0.0178813934326
1098 0.0169277191162
1098 0.0178813934326
1090 3.89003753662
1090 3.99780273438
1087 0.0190734863281
1087 3.9050579071
1087 0.0178813934326
1087 0.0169277191162
1069 3.92818450928
1069 3.95512580872
1069 3.94105911255
1069 3.92508506775
1069 0.014066696167
1058 3.91507148743
1058 0.0190734863281
1046 4.07385826111
1046 3.94797325134
1031 3.96513938904
1031 3.97491455078
1031 4.16421890259
1031 0.0271797180176
1031 0.0200271606445
1031 0.0190734863281
1031 4.17399406433
1031 0.0259876251221
1031 0.0219345092773
1031 4.07218933105
1031 4.0328502655
1030 4.33611869812
1028 3.96990776062
1028 3.93486022949
1028 0.0200271606445
1025 4.02092933655
1025 0.0240802764893
1025 3.95584106445
1025 3.97181510925
1020 4.07004356384
1020 0.0238418579102
1020 0.0178813934326
1020 3.97109985352
1007 3.96394729614
1007 0.0209808349609
1007 0.0181198120117
1007 3.99398803711
1007 0.0209808349609
997 3.98302078247
997 0.018835067749
997 4.00996208191
997 4.01306152344
992 4.13799285889
992 0.0250339508057
992 0.0190734863281
992 0.0181198120117
975 4.04191017151
975 4.19497489929
975 4.03499603271
975 4.13799285889
967 4.07123565674
967 0.0178813934326
966 4.17709350586
963 4.075050354
951 4.10413742065
951 0.0290870666504
951 4.29677963257
951 4.3089389801
951 0.0290870666504
951 4.21905517578
949 4.24098968506
949 4.13990020752
942 4.11820411682
942 4.13107872009
942 0.0209808349609
936 4.1708946228
936 4.26506996155
936 0.0228881835938
936 0.0181198120117
936 0.0131130218506
917 4.19306755066
917 0.0219345092773
916 4.25386428833
910 4.2040348053
910 0.018835067749
910 4.21690940857
910 0.0219345092773
910 0.0190734863281
905 4.23812866211
905 4.24909591675
905 4.22501564026
905 4.38022613525
880 4.2839050293
880 4.3420791626
880 4.35090065002
880 4.40692901611
880 0.0250339508057
880 4.34899330139
880 0.0209808349609
880 0.0190734863281
880 0.0169277191162
872 4.35614585876
856 4.33492660522
856 4.43410873413
856 4.47607040405
856 4.49800491333
850 4.5120716095
850 0.0262260437012
850 0.0178813934326
843 4.40502166748
843 0.0240802764893
843 0.0178813934326
843 4.78792190552
837 4.63891029358
837 0.0300407409668
837 0.0190734863281
837 0.0200271606445
837 0.0200271606445
831 4.60600852966
831 0.0250339508057
831 4.47607040405
831 4.58812713623
829 4.50611114502
829 4.47797775269
829 0.0200271606445
829 4.46081161499
829 4.50086593628
829 0.0240802764893
829 4.49204444885
818 4.48703765869
818 0.0221729278564
815 4.50706481934
815 4.6181678772
797 4.51993942261
797 0.0169277191162
797 0.0178813934326
797 0.0169277191162
797 4.52899932861
788 4.55808639526
788 4.5371055603
788 4.64606285095
788 4.6010017395
788 4.66585159302
788 0.0309944152832
788 0.02121925354
788 4.94194030762
788 0.0271797180176
787 4.75788116455
787 4.65798377991
787 0.0209808349609
787 4.65202331543
787 0.0209808349609
787 0.0190734863281
787 4.63700294495
787 0.0219345092773
787 4.76908683777
787 4.67610359192
787 0.0200271606445
787 0.0159740447998
787 4.63509559631
787 0.0197887420654
786 4.66394424438
783 4.81104850769
783 0.0238418579102
783 0.014066696167
783 4.70209121704
783 4.70209121704
783 4.74405288696
783 4.76884841919
783 4.90689277649
776 4.77910041809
776 4.82201576233
776 0.0228881835938
776 4.85181808472
776 4.78410720825
776 0.0200271606445
776 4.79412078857
776 4.75811958313
776 4.95791435242
769 5.02705574036
769 4.94313240051
769 0.0271797180176
769 4.91309165955
763 4.84490394592
763 4.86397743225
763 4.83584403992
763 0.0209808349609
763 4.87804412842
763 0.018835067749
763 0.0150203704834
763 4.98294830322
763 0.0231266021729
763 0.0197887420654
763 0.0178813934326
763 0.0190734863281
763 0.0169277191162
763 0.0169277191162
763 4.90498542786
763 0.02121925354
763 4.90403175354
757 5.10096549988
750 4.95195388794
744 4.91094589233
744 4.9409866333
744 0.0190734863281
744 5.00297546387
744 0.0228881835938
738 5.02490997314
738 4.94503974915
738 0.0209808349609
738 0.018835067749
738 5.14602661133
728 5.01608848572
728 0.0228881835938
728 5.04589080811
728 5.13410568237
728 5.17296791077
728 5.36584854126
728 0.028133392334
727 5.35583496094
727 0.028133392334
727 5.4349899292
723 5.43403625488
723 5.11884689331
723 5.09786605835
723 0.0219345092773
719 5.14078140259
716 5.1441192627
716 5.15699386597
716 5.27691841125
711 5.14507293701
711 5.27000427246
711 5.34200668335
711 5.19299507141
711 5.21993637085
711 0.0269412994385
711 0.0209808349609
711 5.24091720581
711 0.018835067749
700 5.20205497742
700 5.24282455444
700 0.0250339508057
700 0.018835067749
700 5.28812408447
700 0.0219345092773
700 5.24401664734
700 0.0231266021729
700 0.018835067749
700 5.34701347351
700 5.34892082214
700 5.38492202759
700 0.0290870666504
700 5.5148601532
700 5.31506538391
700 5.29003143311
700 0.0259876251221
700 5.44881820679
700 0.0240802764893
700 0.0169277191162
700 5.38110733032
700 5.31387329102
700 0.0209808349609
700 5.42402267456
700 0.0219345092773
696 5.43284416199
696 5.37800788879
696 0.0200271606445
696 5.43594360352
696 5.37991523743
694 5.41210174561
694 5.42187690735
694 0.0190734863281
694 5.3448677063
688 5.48696517944
688 0.0250339508057
688 5.38992881775
687 5.36799430847
687 5.43594360352
687 0.0209808349609
682 5.67197799683
682 0.0288486480713
682 5.76400756836
675 5.55801391602
675 0.0269412994385
670 5.54203987122
670 5.53488731384
670 0.0190734863281
670 5.58590888977
670 0.0231266021729
670 5.56802749634
670 0.0240802764893
670 5.50889968872
670 0.0178813934326
670 5.64193725586
670 0.0240802764893
670 5.63287734985
667 5.59997558594
667 0.0250339508057
667 5.91802597046
667 5.59306144714
667 5.70702552795
667 0.0250339508057
667 0.0190734863281
667 5.56993484497
667 5.60092926025
667 5.61308860779
667 5.70607185364
667 5.67698478699
667 0.0219345092773
667 0.0169277191162
667 5.62500953674
667 5.89609146118
667 0.0309944152832
667 5.92708587646
667 0.0238418579102
667 5.72800636292
667 0.0228881835938
667 5.67007064819
667 5.72490692139
667 5.784034729
667 5.71298599243
667 5.7520866394
664 5.81812858582
664 0.0228881835938
664 0.0138282775879
664 0.0178813934326
664 5.91397285461
661 5.68079948425
661 0.0219345092773
661 5.89394569397
661 5.7430267334
661 5.94806671143
661 0.0240802764893
661 5.77402114868
661 0.02121925354
661 5.81502914429
661 0.0250339508057
661 0.018835067749
661 0.0178813934326
661 0.0178813934326
661 0.0169277191162
661 0.0159740447998
661 0.0159740447998
661 5.98192214966
661 5.81812858582
658 5.89489936829
658 6.3111782074
653 5.73205947876
653 0.0221729278564
653 0.0200271606445
653 5.34200668335
653 5.27381896973
653 0.0209808349609
651 5.25593757629
651 5.27405738831
651 5.3448677063
645 5.27405738831
645 0.0190734863281
645 0.0178813934326
639 5.30982017517
639 5.39207458496
639 5.43594360352
639 0.0231266021729
639 0.0178813934326
639 0.0178813934326
631 5.35321235657
631 5.30290603638
631 5.35607337952
631 5.42497634888
631 5.34296035767
631 0.0209808349609
630 5.3870677948
630 0.0219345092773
630 0.018835067749
606 5.25188446045
606 0.028133392334
606 0.0209808349609
606 5.18989562988
606 0.028133392334
606 0.0219345092773
606 5.20491600037
606 0.0259876251221
606 0.0178813934326
606 5.47385215759
606 0.0269412994385
606 0.0200271606445
606 0.0178813934326
606 0.0178813934326
606 0.018835067749
606 0.0178813934326
606 0.0178813934326
604 5.26213645935
604 0.0228881835938
604 5.14912605286
601 5.22708892822
594 5.22017478943
593 5.27215003967
593 5.17702102661
593 0.0240802764893
572 4.0500164032
572 0.0200271606445
569 4.17900085449
569 0.0240802764893
569 0.0169277191162
569 0.0169277191162
569 0.0181198120117
569 0.0169277191162
569 0.0200271606445
569 4.08506393433
569 0.0219345092773
567 4.12702560425
561 4.1811466217
561 0.0269412994385
561 4.28104400635
561 0.0247955322266
558 4.16612625122
558 0.018835067749
558 0.0178813934326
558 0.0178813934326
558 4.154920578
558 4.14109230042
558 4.14514541626
558 0.0209808349609
558 4.18496131897
558 0.0231266021729
555 4.25219535828
553 4.38094139099
553 0.028133392334
553 0.0209808349609
553 4.27484512329
553 0.0250339508057
553 0.0178813934326
553 0.018835067749
548 4.33802604675
548 0.0259876251221
546 4.40716743469
546 0.0309944152832
546 0.0200271606445
546 0.018835067749
546 0.0200271606445
546 0.0209808349609
546 0.0200271606445
534 4.70519065857
534 4.47511672974
534 0.0278949737549
534 4.53805923462
534 0.0278949737549
534 4.36401367188
534 0.0278949737549
534 4.30512428284
534 0.0238418579102
534 4.5120716095
534 4.34899330139
526 4.46105003357
526 0.0250339508057
526 4.31180000305
526 0.0231266021729
526 0.0197887420654
526 0.0190734863281
526 4.57787513733
526 0.0269412994385
526 0.0181198120117
520 4.42290306091
519 4.390001297
519 4.43911552429
519 0.0290870666504
519 0.0169277191162
514 4.41002845764
514 0.0200271606445
514 0.0181198120117
514 0.0171661376953
514 0.0190734863281
514 0.014066696167
514 4.55212593079
513 4.42314147949
513 0.0259876251221
513 0.0197887420654
511 4.52208518982
511 0.0228881835938
511 0.0181198120117
511 0.0181198120117
511 4.40716743469
511 0.0209808349609
511 0.0181198120117
511 4.40001487732
511 4.5280456543
511 0.0259876251221
511 0.0200271606445
505 4.58097457886
505 4.60386276245
505 0.0250339508057
505 0.018835067749
505 4.44793701172
505 4.64081764221
505 0.0271797180176
500 4.71615791321
500 0.0300407409668
500 4.60290908813
500 0.0319480895996
500 0.0190734863281
495 4.69899177551
495 4.66704368591
495 4.65106964111
495 0.0259876251221
495 4.71210479736
492 4.65202331543
492 0.0259876251221
492 0.0209808349609
492 0.0162124633789
492 0.0200271606445
492 0.0190734863281
490 4.70900535583
490 0.0240802764893
490 4.53400611877
490 4.67705726624
490 0.0250339508057
490 0.0178813934326
490 0.0169277191162
490 0.0147819519043
490 0.0169277191162
490 4.66680526733
490 0.028133392334
490 0.0200271606445
490 4.6968460083
490 0.0259876251221
490 4.72593307495
490 0.0259876251221
490 0.0190734863281
490 0.0181198120117
490 0.0171661376953
490 4.60004806519
490 0.0228881835938
490 0.0190734863281
490 0.0178813934326
490 0.0200271606445
490 0.0178813934326
490 4.68397140503
488 4.71687316895
488 4.87589836121
488 4.85110282898
488 0.0228881835938
488 0.018835067749
488 0.018835067749
488 0.0178813934326
488 0.018835067749
488 0.0169277191162
488 4.76408004761
483 4.90593910217
483 0.0271797180176
483 0.0181198120117
483 4.69899177551
483 0.0197887420654
483 0.0209808349609
483 4.74405288696
470 4.3420791626
470 0.0290870666504
470 0.0200271606445
470 4.60195541382
470 4.54211235046
470 0.0300407409668
470 4.47010993958
470 0.0269412994385
470 0.0200271606445
470 0.0190734863281
470 0.0169277191162
470 4.43601608276
470 0.0250339508057
470 0.0259876251221
470 0.0200271606445
470 0.02121925354
470 0.0150203704834
470 0.0181198120117
470 0.0190734863281
470 4.40120697021
470 0.0209808349609
470 0.0190734863281
470 4.36687469482
470 0.0231266021729
470 0.0619888305664
470 0.0200271606445
470 0.0197887420654
470 0.0200271606445
470 0.0178813934326
470 4.45199012756
470 4.5759677887
470 0.0271797180176
470 0.0209808349609
470 4.4310092926
470 0.0219345092773
470 0.0209808349609
470 0.0178813934326
470 0.0178813934326
470 0.0169277191162
470 0.0190734863281
470 0.0181198120117
470 0.0169277191162
470 0.0190734863281
470 0.0169277191162
470 0.0178813934326
470 4.53495979309
470 0.0259876251221
470 0.0190734863281
470 4.48608398438
470 4.53281402588
470 0.0271797180176
470 0.0200271606445
470 4.52184677124
470 0.028133392334
470 0.018835067749
470 0.0190734863281
470 0.0150203704834
470 0.0190734863281
470 0.0181198120117
469 4.46200370789
469 0.0169277191162
469 0.0178813934326
469 0.0178813934326
469 0.0178813934326
468 4.60386276245
468 0.0269412994385
468 0.0190734863281
468 0.0190734863281
468 0.0171661376953
468 0.0181198120117
468 0.0200271606445
468 4.45485115051
468 0.0209808349609
468 0.018835067749
468 0.0159740447998
468 0.0169277191162
468 4.5530796051
467 4.50086593628
467 4.61196899414
467 0.0240802764893
467 0.0419616699219
467 0.0181198120117
467 4.57811355591
464 4.44507598877
464 4.48393821716
464 0.0259876251221
464 0.0200271606445
464 4.69613075256
464 0.0247955322266
464 0.0190734863281
464 0.0190734863281
464 0.0178813934326
464 0.0171661376953
464 0.0190734863281
464 4.8520565033
464 0.0290870666504
464 0.0190734863281
464 0.0219345092773
464 0.0181198120117
464 0.0219345092773
464 0.0209808349609
464 0.0178813934326
457 5.05805015564
453 4.61411476135
453 4.55188751221
446 4.6980381012
446 0.0319480895996
446 0.0197887420654
446 4.77814674377
446 0.0259876251221
446 0.0169277191162
446 0.0171661376953
446 0.0190734863281
446 4.68397140503
446 0.0269412994385
445 4.61602210999
445 0.0200271606445
445 0.0197887420654
445 4.78792190552
445 4.70304489136
445 0.0278949737549
445 0.0209808349609
445 0.0200271606445
445 0.018835067749
445 0.0178813934326
445 0.0190734863281
445 4.65989112854
445 0.0259876251221
445 4.78911399841
445 0.0300407409668
445 4.89592552185
445 0.0309944152832
445 0.0181198120117
445 0.0209808349609
445 0.0181198120117
445 0.0200271606445
445 0.0200271606445
441 4.7128200531
441 0.0228881835938
441 0.0190734863281
439 4.70590591431
437 4.76789474487
437 4.79507446289
437 4.75192070007
437 0.0309944152832
437 0.0219345092773
437 0.0197887420654
437 0.0209808349609
437 4.66203689575
437 5.1600933075
437 0.0290870666504
437 0.0181198120117
437 0.0190734863281
437 4.84585762024
437 0.0240802764893
437 0.0200271606445
437 0.018835067749
437 4.82892990112
437 0.0300407409668
437 0.0228881835938
437 0.0197887420654
437 0.0190734863281
437 0.0200271606445
437 0.0200271606445
437 0.0209808349609
437 0.0209808349609
437 0.0190734863281
437 5.1441192627
437 5.00702857971
437 0.0269412994385
437 4.99582290649
437 0.0259876251221
437 0.0200271606445
437 0.0190734863281
437 0.0190734863281
437 4.8131942749
437 4.79292869568
435 4.87995147705
435 0.0259876251221
435 4.80508804321
435 0.0288486480713
435 0.0238418579102
435 4.9159526825
435 0.0319480895996
435 0.018835067749
435 4.90498542786
435 0.0259876251221
435 0.0190734863281
435 0.0209808349609
435 0.018835067749
435 4.76598739624
435 4.78291511536
435 5.04922866821
435 0.028133392334
435 0.0209808349609
435 0.0178813934326
435 0.018835067749
435 0.0200271606445
435 0.0200271606445
435 0.0169277191162
435 0.0178813934326
435 0.0200271606445
435 4.91309165955
435 4.82201576233
435 0.0200271606445
435 4.95791435242
424 4.65297698975
424 0.0200271606445
424 0.0219345092773
424 0.018835067749
424 0.0200271606445
424 0.0200271606445
422 4.56500053406
422 0.02121925354
422 0.0510215759277
422 4.6169757843
422 4.59694862366
422 4.58312034607
422 0.0219345092773
422 0.0178813934326
418 4.73093986511
418 0.0200271606445
418 0.018835067749
418 0.0178813934326
418 0.0178813934326
418 4.63795661926
418 4.95910644531
418 4.80103492737
418 4.68778610229
418 0.0240802764893
418 0.0200271606445
418 4.66585159302
418 0.0209808349609
418 0.0178813934326
418 0.0190734863281
418 4.63509559631
418 0.0569820404053
418 4.70304489136
418 0.0228881835938
418 0.0181198120117
418 4.723072052
418 0.0238418579102
418 4.68802452087
418 0.0209808349609
411 4.78410720825
411 0.0250339508057
406 4.76694107056
406 4.7128200531
406 0.0200271606445
406 0.0181198120117
406 0.0190734863281
406 4.68397140503
406 0.0221729278564
406 0.018835067749
406 0.0181198120117
406 0.0200271606445
406 0.0231266021729
406 4.75716590881
406 0.0228881835938
406 0.0178813934326
406 0.0178813934326
406 4.72688674927
406 0.0238418579102
