4175 32.9780578613
4175 17.3170566559
4172 17.1940326691
4130 17.3110961914
4130 17.4388885498
4129 17.3950195312
4122 17.1611309052
4100 17.117023468
4100 16.5481567383
4098 13.769865036
4091 11.9960308075
4058 10.8919143677
4058 9.85908508301
3993 9.25803184509
3968 8.55708122253
3950 8.10289382935
3938 7.7338218689
3938 7.33685493469
3938 6.99210166931
3937 6.79016113281
3921 6.4971446991
3921 6.34384155273
3921 5.74016571045
3897 5.66816329956
3897 5.22017478943
3888 5.07497787476
3888 4.86993789673
3885 4.63199615479
3864 4.62698936462
3864 4.30202484131
3864 4.24909591675
3864 4.18305397034
3864 3.91697883606
3858 3.9119720459
3858 3.88693809509
3858 3.64089012146
3858 3.58700752258
3806 3.6289691925
3806 3.45492362976
3769 3.4019947052
3757 3.40986251831
3721 3.39794158936
3721 3.29613685608
3714 3.28898429871
3714 3.2742023468
3714 3.30400466919
3712 3.2901763916
3712 3.31401824951
3712 3.30209732056
3704 3.24892997742
3704 3.32403182983
3704 3.30996513367
3704 3.28898429871
3697 3.31091880798
3613 3.29995155334
3613 3.24010848999
3588 3.30090522766
3584 3.28898429871
3567 3.27086448669
3544 3.30018997192
3532 3.28493118286
3520 3.23605537415
3520 3.28397750854
3496 3.29399108887
3495 3.27610969543
3495 3.28993797302
3481 3.28302383423
3481 3.23510169983
3481 3.29184532166
3481 3.29184532166
3469 3.26919555664
3469 3.31091880798
3469 3.28898429871
3469 3.25202941895
3469 3.29494476318
3464 3.28087806702
3464 3.26418876648
3458 3.28207015991
3446 3.27110290527
3446 3.23414802551
3446 3.28087806702
3422 3.28278541565
3405 3.26800346375
3403 3.28803062439
3403 3.24487686157
3403 3.2799243927
3403 3.2799243927
3399 3.29303741455
3397 3.27920913696
3396 3.2958984375
3396 3.26180458069
3359 3.28993797302
3359 0.0131130218506
3348 3.29804420471
3348 3.2958984375
3335 3.28183174133
3335 3.29399108887
3335 3.26490402222
3335 3.28707695007
3323 3.30400466919
3323 3.37100028992
3323 3.2901763916
3323 3.26490402222
3323 3.26085090637
3323 3.28397750854
3282 3.29208374023
3273 3.29995155334
3273 3.28993797302
3262 3.29303741455
3262 3.25703620911
3262 3.27801704407
3262 3.28207015991
3262 3.30090522766
3259 3.28803062439
3259 3.30114364624
3257 3.26299667358
3257 3.28898429871
3257 3.28397750854
3241 3.3061504364
3241 3.29279899597
3241 3.28493118286
3241 3.25393676758
3241 3.28993797302
3221 3.29518318176
3221 3.30400466919
3221 3.30305099487
3221 3.30495834351
3218 3.26204299927
3215 3.30710411072
3205 3.3130645752
3189 3.31616401672
3184 3.30686569214
3184 3.3118724823
3184 3.28087806702
3184 3.30996513367
3184 3.30710411072
3184 3.32903862
3184 3.29899787903
3184 3.46803665161
3169 3.44800949097
3169 3.36503982544
3169 3.30090522766
3169 3.31997871399
3169 3.30710411072
3169 3.33690643311
3169 3.34715843201
3169 3.26895713806
3169 3.32617759705
3168 3.30209732056
3168 3.29804420471
3154 3.30495834351
3154 3.29399108887
3154 3.25798988342
3154 3.29208374023
3154 3.2958984375
3115 3.29208374023
3113 3.2970905304
3102 3.27301025391
3102 3.27587127686
3097 3.30305099487
3097 3.31997871399
3097 3.32689285278
3033 3.30877304077
3033 3.30495834351
3033 3.27897071838
3033 3.30996513367
3020 0.0147819519043
3020 3.32403182983
3020 3.30400466919
3018 3.3118724823
3009 3.30400466919
3009 3.26704978943
3007 3.30686569214
3000 3.32117080688
3000 3.30400466919
3000 3.34692001343
3000 3.32403182983
3000 3.26609611511
3000 3.31902503967
3000 3.31497192383
3000 3.31687927246
2993 3.31997871399
2993 3.30591201782
2993 3.26490402222
2981 3.3130645752
2981 3.30400466919
2981 3.30710411072
2981 3.30996513367
2981 3.29995155334
2956 3.25798988342
2956 3.29995155334
2950 3.33285331726
2950 3.3061504364
2950 3.30305099487
2950 3.31401824951
2939 3.26681137085
2939 3.31091880798
2939 3.31902503967
2921 3.30996513367
2921 3.30901145935
2921 3.30090522766
2921 3.26704978943
2910 3.30781936646
2910 3.31997871399
2888 3.56197357178
2888 3.33976745605
2883 3.31997871399
2883 3.26704978943
2883 3.3130645752
2883 3.338098526
2883 3.32188606262
2883 3.3221244812
2883 3.31401824951
2883 3.27110290527
2880 3.30114364624
2880 3.31497192383
2880 3.31401824951
2880 3.34596633911
2874 3.33094596863
2874 3.338098526
2874 3.41796875
2874 3.35907936096
2874 3.33404541016
2874 3.33499908447
2874 3.33595275879
2865 3.31020355225
2865 3.28588485718
2865 3.32498550415
2846 3.30996513367
2846 3.29995155334
2815 3.30996513367
2810 3.29613685608
2810 3.26204299927
2810 3.30305099487
2810 3.30209732056
2810 3.29613685608
2810 3.30209732056
2810 3.30805778503
2810 3.25298309326
2810 3.30495834351
2810 0.0138282775879
2809 3.30710411072
2809 3.33404541016
2809 3.3540725708
2809 3.30710411072
2809 3.31401824951
2809 3.25703620911
2809 3.30400466919
2805 3.30018997192
2805 3.43298912048
2805 3.28898429871
2805 3.38196754456
2805 3.27897071838
2805 3.28707695007
2801 3.2958984375
2801 3.2958984375
2801 3.29613685608
2801 3.31687927246
2778 3.34596633911
2778 3.31282615662
2762 3.32999229431
2762 3.36694717407
2762 3.30400466919
2762 3.30710411072
2762 3.26895713806
2762 3.28898429871
2762 3.29494476318
2743 3.29995155334
2743 3.41105461121
2743 3.32498550415
2743 3.26490402222
2720 3.2970905304
2713 3.29399108887
2713 3.29089164734
2713 3.28397750854
2711 3.28612327576
2700 3.24106216431
2700 3.34715843201
2700 3.35192680359
2681 3.29518318176
2681 3.40008735657
2678 3.31282615662
2678 3.38101387024
2678 3.26800346375
2676 3.37100028992
2676 3.35597991943
2676 3.29113006592
2676 3.3860206604
2676 3.32307815552
2676 3.32999229431
2676 3.33404541016
2676 3.32593917847
2676 3.36503982544
2676 3.30996513367
2676 3.37696075439
2676 3.3130645752
2671 3.32999229431
2651 3.32713127136
2651 3.31091880798
2651 3.42202186584
2651 3.3061504364
2651 3.36790084839
2651 3.28302383423
2651 3.36503982544
2643 3.32713127136
2628 3.30901145935
2628 3.41796875
2628 3.28993797302
2628 3.40294837952
2628 3.2799243927
2626 3.33690643311
2585 3.33786010742
2585 3.29303741455
2574 3.38697433472
2574 3.31807136536
2553 3.3130645752
2553 3.31497192383
2511 3.33905220032
2511 3.34191322327
2511 3.40795516968
2511 3.62682342529
2505 3.33786010742
2491 3.31282615662
2491 3.31497192383
2491 3.34095954895
2474 3.34501266479
2474 3.31902503967
2474 3.3860206604
2474 3.28683853149
2456 3.32093238831
2456 3.3221244812
2456 3.29804420471
2456 3.36098670959
2456 3.2901763916
2456 3.35097312927
2456 3.26919555664
2456 3.3438205719
2456 3.30781936646
2456 3.30686569214
2456 3.36599349976
2456 3.27801704407
2456 3.32999229431
2456 3.31592559814
2456 3.30805778503
2456 3.32999229431
2456 3.30495834351
2445 3.34787368774
2445 3.26991081238
2445 3.35097312927
2445 3.3221244812
2428 3.30996513367
2420 3.36980819702
2409 3.27110290527
2409 3.36098670959
2404 3.26204299927
2401 3.31997871399
2401 3.34501266479
2401 3.28207015991
2398 3.35907936096
2398 3.30114364624
2398 3.30996513367
2398 3.30209732056
2398 3.28898429871
2383 3.27277183533
2381 3.27610969543
2381 3.28493118286
2381 3.24511528015
2378 3.29494476318
2378 3.29995155334
2378 3.28493118286
2378 3.28993797302
2373 3.30495834351
2373 3.26418876648
2373 3.28707695007
2373 3.31521034241
2373 3.31282615662
2373 3.28898429871
2373 3.30114364624
2373 3.25798988342
2373 3.29399108887
2373 3.31592559814
2370 3.3061504364
2358 3.28898429871
2358 3.30495834351
2351 3.26800346375
2337 3.30090522766
2317 3.30710411072
2313 3.30090522766
2313 3.2970905304
2313 3.31091880798
2313 3.27301025391
2304 3.28993797302
2304 3.30686569214
2304 3.29303741455
2304 3.28612327576
2304 3.29995155334
2300 3.26299667358
2300 3.28993797302
2300 3.30400466919
2300 3.30090522766
2300 3.28612327576
2300 3.26299667358
2300 3.29208374023
2300 3.29208374023
2300 3.2970905304
2300 3.30305099487
2251 3.28707695007
2246 3.27110290527
2246 3.28993797302
2246 3.29208374023
2241 3.31401824951
2234 3.30114364624
2234 3.26991081238
2231 3.25417518616
2224 3.29685211182
2224 3.29399108887
2224 3.29804420471
2223 3.29804420471
2223 3.28302383423
2223 3.26895713806
2223 3.29899787903
2223 3.29399108887
2223 3.30090522766
2223 3.30185890198
2213 3.29184532166
2213 3.26418876648
2213 3.29113006592
2213 3.2901763916
2213 3.3061504364
2213 3.29184532166
2213 3.29113006592
2213 3.26800346375
2213 3.30805778503
2213 3.28588485718
2208 3.36408615112
2208 3.32903862
2199 3.30495834351
2199 3.30209732056
2199 3.30805778503
2199 3.29899787903
2199 3.30805778503
2199 3.30901145935
2199 3.34000587463
2199 3.28707695007
2199 3.30400466919
2199 3.29995155334
2187 3.32903862
2147 3.30209732056
2136 3.29613685608
2136 3.28993797302
2136 3.31497192383
2136 3.2901763916
2136 3.3118724823
2136 3.31497192383
2136 3.29995155334
2136 3.26800346375
2136 3.30305099487
2124 3.30400466919
2124 3.30901145935
2112 3.30519676208
2098 3.30805778503
2098 3.2799243927
2098 3.29494476318
2091 3.28803062439
2091 0.0159740447998
2091 3.33094596863
2083 3.30281257629
2083 3.29494476318
2074 3.26609611511
2071 3.32188606262
2071 3.28707695007
2071 3.30996513367
2071 3.32307815552
2069 3.29804420471
2069 3.26299667358
2069 3.32117080688
2069 3.33189964294
2069 3.33213806152
2069 3.32498550415
2069 3.29518318176
2059 3.32093238831
2059 3.28993797302
2059 3.29899787903
2059 3.35502624512
2059 3.31592559814
2059 3.2958984375
2059 3.31616401672
2041 3.27205657959
2041 3.34405899048
2035 3.36885452271
2035 3.33499908447
2035 3.32403182983
2035 3.31997871399
2035 3.2799243927
2035 3.30400466919
2035 3.31902503967
2035 3.32188606262
2035 3.29899787903
2035 3.3130645752
2035 3.27587127686
2035 3.47089767456
2035 3.49402427673
2035 3.35502624512
2035 3.31401824951
2035 3.32903862
2035 3.30781936646
1989 3.28493118286
1989 3.34310531616
1989 3.3278465271
1989 3.29899787903
1989 0.014066696167
1978 3.30400466919
1978 0.0190734863281
1978 3.3860206604
1976 3.28898429871
1969 3.30710411072
1969 0.0159740447998
1969 3.32498550415
1969 0.0171661376953
1969 3.32713127136
1969 3.30996513367
1969 3.32903862
1969 3.26895713806
1969 0.0479221343994
1969 3.27801704407
1969 3.30495834351
1969 3.30400466919
1969 3.30400466919
1969 3.30591201782
1961 3.26323509216
1961 3.2651424408
1954 3.31783294678
1954 3.30305099487
1954 3.30901145935
1954 3.32093238831
1954 3.26204299927
1954 3.27610969543
1944 3.30805778503
1944 3.3061504364
1944 3.30305099487
1935 3.30805778503
1935 3.27491760254
1935 3.27301025391
1922 3.29685211182
1922 3.30305099487
1918 3.31807136536
1918 0.0181198120117
1918 0.0150203704834
1918 3.32903862
1915 3.32403182983
1915 3.28207015991
1915 3.3118724823
1913 3.29685211182
1894 3.30519676208
1894 3.32283973694
1884 3.29995155334
1884 3.26490402222
1884 3.28898429871
1879 3.31211090088
1879 3.30305099487
1879 3.30781936646
1879 3.30686569214
1879 3.27396392822
1879 3.3061504364
1879 3.32903862
1879 3.31902503967
1879 3.31997871399
1879 3.30305099487
1879 3.26490402222
1879 3.30901145935
1879 3.29613685608
1879 3.32307815552
1879 0.0159740447998
1879 3.33404541016
1879 3.32498550415
1877 3.2651424408
1877 3.30090522766
1877 3.29494476318
1873 3.30591201782
1870 3.30591201782
1868 3.3061504364
1868 3.25512886047
1868 3.30185890198
1847 3.29089164734
1847 3.30400466919
1836 3.29494476318
1836 3.28707695007
1836 0.0178813934326
1836 3.27491760254
1836 0.0159740447998
1836 3.4441947937
1836 3.38697433472
1834 3.31497192383
1834 3.2958984375
1832 3.29995155334
1822 3.2651424408
1822 3.30996513367
1822 3.29089164734
1822 3.40390205383
1818 3.88503074646
1818 3.42202186584
1818 3.29899787903
1818 3.27801704407
1814 3.23915481567
1813 3.30686569214
1813 3.28302383423
1813 3.29089164734
1807 3.30114364624
1807 3.25703620911
1793 3.25894355774
1780 3.30400466919
1780 3.2958984375
1780 3.28397750854
1767 3.28087806702
1767 3.25393676758
1767 3.26299667358
1767 3.29399108887
1765 3.28397750854
1765 3.29685211182
1762 3.29184532166
1762 3.24106216431
1762 3.27396392822
1762 3.29494476318
1757 3.28898429871
1757 3.2799243927
1757 3.30185890198
1747 3.26204299927
1747 3.26991081238
1747 3.29208374023
1740 3.31497192383
1740 0.0250339508057
1735 3.41200828552
1735 3.31211090088
1735 3.24606895447
1735 3.27610969543
1735 3.30209732056
1735 3.29804420471
1728 3.29089164734
1728 3.39913368225
1728 0.0181198120117
1728 0.0162124633789
1728 0.0169277191162
1728 3.29303741455
1722 3.26704978943
1722 3.31115722656
1722 3.34715843201
1709 3.3438205719
1709 3.30400466919
1706 3.37910652161
1706 3.24201583862
1706 3.37195396423
1705 3.33404541016
1705 3.30901145935
1705 3.39794158936
1705 3.30305099487
1705 3.32307815552
1705 0.0150203704834
1704 3.34310531616
1698 3.35693359375
1698 3.32808494568
1698 0.0169277191162
1692 3.33905220032
1692 0.0219345092773
1692 3.41010093689
1692 3.28302383423
1692 3.34405899048
1692 3.31902503967
1692 3.3438205719
1692 3.34501266479
1692 3.28493118286
1692 3.62992286682
1692 3.31711769104
1686 3.26609611511
1682 3.30591201782
1682 0.0181198120117
1682 3.37886810303
1682 3.35788726807
1679 3.31115722656
1679 3.30805778503
1673 3.25798988342
1673 3.29804420471
1673 3.29089164734
1673 3.28397750854
1673 3.28683853149
1660 3.28397750854
1645 3.24702262878
1645 3.29399108887
1645 3.30901145935
1643 3.28397750854
1633 3.25894355774
1633 3.28683853149
1633 3.23486328125
1633 0.0169277191162
1633 0.0159740447998
1633 3.3061504364
1629 3.28993797302
1629 0.0171661376953
1627 3.33714485168
1616 3.30805778503
1616 3.29780578613
1616 3.24988365173
1616 3.28588485718
1616 3.27682495117
1616 3.29303741455
1610 3.29399108887
1610 3.29494476318
1610 0.0181198120117
1610 3.28016281128
1610 3.32307815552
1598 3.32093238831
1598 3.30400466919
1598 3.27491760254
1598 3.31211090088
1598 3.25584411621
1598 3.29089164734
1598 3.28898429871
1598 3.31377983093
1598 3.30901145935
1598 3.2970905304
1598 3.26180458069
1597 3.29494476318
1577 3.29494476318
1577 3.30209732056
1577 3.30781936646
1577 3.30281257629
1577 3.25393676758
1577 3.3061504364
1577 3.32093238831
1577 3.29995155334
1577 0.0159740447998
1574 3.29804420471
1570 3.2958984375
1570 3.25894355774
1570 3.2901763916
1570 3.29303741455
1570 3.2970905304
1570 3.29995155334
1570 3.31497192383
1565 3.25798988342
1565 3.30305099487
1565 3.2970905304
1565 3.29995155334
1565 3.28803062439
1565 3.28993797302
1562 3.25894355774
1562 3.30901145935
1562 3.31711769104
1562 3.29089164734
1562 3.2901763916
1556 3.29303741455
1556 0.0178813934326
1556 3.27801704407
1556 3.28993797302
1556 3.2811164856
1556 3.30281257629
1556 0.0169277191162
1556 0.0159740447998
1553 3.31902503967
1553 0.0178813934326
1553 3.33094596863
1546 3.25489044189
1546 3.29399108887
1546 3.48901748657
1546 3.56888771057
1546 3.54790687561
1546 3.54599952698
1546 3.34000587463
1546 3.29399108887
1544 3.44085693359
1544 3.56388092041
1544 3.5080909729
1544 3.50403785706
1544 3.95584106445
1544 5.73205947876
1544 0.0247955322266
1544 0.0131130218506
1544 4.55188751221
1544 5.05399703979
1544 3.53598594666
1544 3.5879611969
1544 3.58510017395
1544 3.61108779907
1544 3.51810455322
1544 3.44085693359
1544 3.81112098694
1544 3.5560131073
1544 3.59702110291
1541 3.59010696411
1541 0.028133392334
1541 3.57699394226
1541 3.61394882202
1541 0.0321865081787
1541 3.65519523621
1541 3.662109375
1541 0.0269412994385
1541 3.63421440125
1541 3.53813171387
1538 3.59702110291
1538 3.46207618713
1538 3.88503074646
1538 3.81207466125
1538 3.94296646118
1534 3.58891487122
1534 3.70311737061
1534 0.0231266021729
1534 3.50403785706
1534 4.23288345337
1534 3.63802909851
1534 3.58915328979
1534 3.58819961548
1534 0.0247955322266
1534 3.62610816956
1534 3.61895561218
1534 3.60417366028
1534 3.66282463074
1534 3.5879611969
1534 3.44896316528
1534 3.63302230835
1534 3.60989570618
1534 3.56793403625
1534 3.66687774658
1529 3.69215011597
1529 3.60918045044
1529 3.63612174988
1529 4.62293624878
1494 3.47089767456
1494 3.45706939697
1494 3.5228729248
1494 3.64398956299
1494 0.0250339508057
1494 0.0169277191162
1494 3.497838974
1483 3.53908538818
1483 0.0238418579102
1483 3.53002548218
1483 3.57007980347
1483 0.0340938568115
1483 3.52907180786
1483 3.51595878601
1478 3.69501113892
1470 3.56602668762
1467 3.66497039795
1467 3.66902351379
1462 3.53693962097
1462 0.0238418579102
1462 0.0171661376953
1462 3.52597236633
1462 0.028133392334
1462 0.0181198120117
1462 0.0169277191162
1462 3.63898277283
1462 3.61013412476
1462 3.63779067993
1456 3.61108779907
1456 3.40414047241
1456 3.4019947052
1452 3.63087654114
1452 3.52787971497
1452 0.0259876251221
1452 0.0171661376953
1452 3.5560131073
1452 0.0250339508057
1452 3.57413291931
1452 0.0309944152832
1452 3.73888015747
1452 3.53693962097
1452 3.45396995544
1452 3.58200073242
1452 3.6039352417
1452 3.58295440674
1452 0.0269412994385
1452 3.4019947052
1452 0.0221729278564
1452 0.0150203704834
1452 3.41105461121
1443 3.47805023193
1443 0.0259876251221
1443 0.0169277191162
1441 3.61490249634
1437 3.6780834198
1437 3.5228729248
1429 3.41105461121
1429 0.0240802764893
1429 3.45611572266
1429 3.58104705811
1429 0.032901763916
1421 3.65304946899
1421 3.40700149536
1421 3.58009338379
1421 3.5240650177
1421 3.64017486572
1421 3.49187850952
1421 0.0269412994385
1421 0.0159740447998
1421 0.0209808349609
1421 3.56507301331
1421 0.0259876251221
1421 0.0178813934326
1421 3.64899635315
1421 0.0278949737549
1421 0.0178813934326
1421 0.0169277191162
1421 3.84998321533
1421 3.61585617065
1421 0.0238418579102
1421 3.53908538818
1421 3.60989570618
1421 0.0250339508057
1421 4.91905212402
1421 3.52311134338
1421 3.34978103638
1421 0.0219345092773
1421 3.72695922852
1421 3.39698791504
1420 3.43799591064
1416 3.45396995544
1416 0.0200271606445
1416 3.31997871399
1416 0.0178813934326
1416 3.46493721008
1416 3.30996513367
1416 3.29804420471
1416 0.0190734863281
1416 3.31616401672
1416 3.3130645752
1416 0.0162124633789
1416 3.33213806152
1416 0.0178813934326
1416 3.31902503967
1414 3.28588485718
1413 3.30209732056
1413 0.0171661376953
1413 3.3130645752
1413 3.27491760254
1413 3.28016281128
1413 0.0181198120117
1413 0.0159740447998
1413 0.0159740447998
1413 0.0150203704834
1413 3.32093238831
1413 3.30209732056
1413 3.27610969543
1413 3.30901145935
1413 3.24487686157
1386 3.23486328125
1386 0.0169277191162
1386 0.0169277191162
1386 0.0150203704834
1386 0.0159740447998
1386 3.32498550415
1377 3.28612327576
1377 0.0178813934326
1377 3.33786010742
1377 3.30018997192
1377 3.29399108887
1377 3.24296951294
1377 0.0169277191162
1377 0.0162124633789
1353 3.32307815552
1353 3.30305099487
1353 0.0171661376953
1353 3.30114364624
1353 0.0169277191162
1353 3.31807136536
1353 3.28803062439
1353 3.24201583862
1352 3.34501266479
1352 0.0169277191162
1352 0.0190734863281
1352 3.32903862
1352 0.0171661376953
1352 0.0150203704834
1352 3.32117080688
1351 3.30305099487
1351 3.29899787903
1351 3.32713127136
1351 4.7299861908
1351 13.2691860199
1351 11.5160942078
1351 0.0498294830322
1347 10.4370117188
1347 9.79804992676
1343 9.25493240356
1343 0.0410079956055
1327 8.21495056152
1327 7.67707824707
1327 0.0319480895996
1327 0.0319480895996
1327 7.1280002594
1327 6.50000572205
1327 0.0278949737549
1327 0.028133392334
1327 6.37483596802
1327 0.0250339508057
1327 5.74088096619
1327 5.98621368408
1327 5.31196594238
1327 0.0271797180176
1327 5.37204742432
1327 4.96506690979
1327 0.0178813934326
